1
140.0000,27.0000,172.0000,27.0000,172.0000,151.0000,140.0000,151.0000
139.0000,27.0000,170.0000,27.0000,170.0000,151.0000,139.0000,151.0000
139.0000,26.0000,172.0000,26.0000,172.0000,150.0000,139.0000,150.0000
139.0000,28.0000,170.0000,28.0000,170.0000,152.0000,139.0000,152.0000
138.0000,27.0000,171.0000,27.0000,171.0000,151.0000,138.0000,151.0000
138.0000,29.0000,170.0000,29.0000,170.0000,153.0000,138.0000,153.0000
138.0000,29.0000,170.0000,29.0000,170.0000,153.0000,138.0000,153.0000
135.0000,29.0000,168.0000,29.0000,168.0000,153.0000,135.0000,153.0000
135.0000,29.0000,168.0000,29.0000,168.0000,153.0000,135.0000,153.0000
136.0000,30.0000,167.0000,30.0000,167.0000,154.0000,136.0000,154.0000
136.0000,29.0000,168.0000,29.0000,168.0000,154.0000,136.0000,154.0000
135.0000,31.0000,167.0000,31.0000,167.0000,155.0000,135.0000,155.0000
135.0000,32.0000,167.0000,32.0000,167.0000,156.0000,135.0000,156.0000
134.0000,33.0000,165.0000,33.0000,165.0000,156.0000,134.0000,156.0000
133.0000,33.0000,165.0000,33.0000,165.0000,157.0000,133.0000,157.0000
133.0000,32.0000,164.0000,32.0000,164.0000,156.0000,133.0000,156.0000
132.0000,157.0000,132.0000,32.0000,164.0000,32.0000,164.0000,157.0000
132.0000,32.0000,165.0000,32.0000,165.0000,157.0000,132.0000,157.0000
132.0000,32.0000,165.0000,32.0000,165.0000,156.0000,132.0000,156.0000
132.0000,32.0000,165.0000,32.0000,165.0000,155.0000,132.0000,155.0000
132.0000,31.0000,165.0000,31.0000,165.0000,154.0000,132.0000,154.0000
133.0000,31.0000,166.0000,31.0000,166.0000,153.0000,133.0000,153.0000
134.0000,31.0000,166.0000,31.0000,166.0000,152.0000,134.0000,152.0000
134.0000,32.0000,166.0000,32.0000,166.0000,154.0000,134.0000,154.0000
135.0000,32.0000,167.0000,32.0000,167.0000,153.0000,135.0000,153.0000
135.0000,31.0000,168.0000,31.0000,168.0000,152.0000,135.0000,152.0000
135.0000,32.0000,168.0000,32.0000,168.0000,154.0000,135.0000,154.0000
135.0000,32.0000,168.0000,32.0000,168.0000,154.0000,135.0000,154.0000
137.0000,32.0000,169.0000,32.0000,169.0000,153.0000,137.0000,153.0000
137.0000,33.0000,170.0000,33.0000,170.0000,154.0000,137.0000,154.0000
137.0000,33.0000,169.0000,33.0000,169.0000,155.0000,137.0000,155.0000
137.0000,34.0000,170.0000,34.0000,170.0000,155.0000,137.0000,155.0000
137.0000,35.0000,170.0000,35.0000,170.0000,156.0000,137.0000,156.0000
137.0000,36.0000,169.0000,36.0000,169.0000,156.0000,137.0000,156.0000
136.0000,36.0000,169.0000,36.0000,169.0000,156.0000,136.0000,156.0000
137.0000,36.0000,170.0000,36.0000,170.0000,156.0000,137.0000,156.0000
136.0000,37.0000,169.0000,37.0000,169.0000,158.0000,136.0000,158.0000
135.0000,37.0000,167.0000,37.0000,167.0000,157.0000,135.0000,157.0000
134.0000,37.0000,167.0000,37.0000,167.0000,157.0000,134.0000,157.0000
134.0000,37.0000,166.0000,37.0000,166.0000,157.0000,134.0000,157.0000
133.0000,35.0000,166.0000,35.0000,166.0000,156.0000,133.0000,156.0000
133.0000,36.0000,166.0000,36.0000,166.0000,156.0000,133.0000,156.0000
133.0000,36.0000,165.0000,36.0000,165.0000,156.0000,133.0000,156.0000
133.0000,37.0000,166.0000,37.0000,166.0000,158.0000,133.0000,158.0000
132.0000,35.0000,165.0000,35.0000,165.0000,157.0000,132.0000,157.0000
133.0000,36.0000,166.0000,36.0000,166.0000,158.0000,133.0000,158.0000
133.0000,37.0000,165.0000,37.0000,165.0000,159.0000,133.0000,159.0000
133.0000,36.0000,166.0000,36.0000,166.0000,158.0000,133.0000,158.0000
133.0000,38.0000,165.0000,38.0000,165.0000,160.0000,133.0000,160.0000
134.0000,39.0000,166.0000,39.0000,166.0000,160.0000,134.0000,160.0000
134.0000,39.0000,166.0000,39.0000,166.0000,159.0000,134.0000,159.0000
134.0000,40.0000,167.0000,40.0000,167.0000,160.0000,134.0000,160.0000
133.0000,40.0000,165.0000,40.0000,165.0000,160.0000,133.0000,160.0000
132.0000,40.0000,165.0000,40.0000,165.0000,160.0000,132.0000,160.0000
132.0000,39.0000,165.0000,39.0000,165.0000,159.0000,132.0000,159.0000
132.0000,39.0000,164.0000,39.0000,164.0000,159.0000,132.0000,159.0000
132.0000,39.0000,164.0000,39.0000,164.0000,159.0000,132.0000,159.0000
133.0000,39.0000,165.0000,39.0000,165.0000,160.0000,133.0000,160.0000
133.0000,39.0000,164.0000,39.0000,164.0000,159.0000,133.0000,159.0000
134.0000,36.0000,166.0000,36.0000,166.0000,158.0000,134.0000,158.0000
135.0000,36.0000,166.0000,36.0000,166.0000,158.0000,135.0000,158.0000
136.0000,35.0000,168.0000,35.0000,168.0000,157.0000,136.0000,157.0000
135.0000,36.0000,167.0000,36.0000,167.0000,159.0000,135.0000,159.0000
136.0000,37.0000,168.0000,37.0000,168.0000,159.0000,136.0000,159.0000
136.0000,38.0000,170.0000,38.0000,170.0000,159.0000,136.0000,159.0000
136.0000,39.0000,168.0000,39.0000,168.0000,160.0000,136.0000,160.0000
137.0000,39.0000,171.0000,39.0000,171.0000,157.0000,137.0000,157.0000
137.0000,41.0000,169.0000,41.0000,169.0000,157.0000,137.0000,157.0000
138.0000,41.0000,171.0000,41.0000,171.0000,156.0000,138.0000,156.0000
138.0000,41.0000,172.0000,41.0000,172.0000,155.0000,138.0000,155.0000
137.0000,41.0000,172.0000,41.0000,172.0000,156.0000,137.0000,156.0000
137.0000,42.0000,173.0000,42.0000,173.0000,157.0000,137.0000,157.0000
136.0000,43.0000,172.0000,43.0000,172.0000,157.0000,136.0000,157.0000
134.0000,44.0000,170.0000,44.0000,170.0000,158.0000,134.0000,158.0000
133.0000,43.0000,171.0000,43.0000,171.0000,158.0000,133.0000,158.0000
128.0000,44.0000,167.0000,44.0000,167.0000,158.0000,128.0000,158.0000
124.0000,43.0000,163.0000,43.0000,163.0000,157.0000,124.0000,157.0000
121.0000,41.0000,162.0000,41.0000,162.0000,155.0000,121.0000,155.0000
116.0000,41.0000,158.0000,41.0000,158.0000,153.0000,116.0000,153.0000
110.0000,40.0000,152.0000,40.0000,152.0000,150.0000,110.0000,150.0000
105.6692,149.9075,108.7232,39.9645,151.1904,41.1442,148.1365,151.0871
99.4932,147.7713,106.6762,37.6311,148.1953,40.3388,141.0122,150.4790
91.0936,143.4150,108.7598,33.0016,149.2434,39.4789,131.5772,149.8924
90.0000,143.0000,105.3600,35.4800,145.8200,41.2600,130.4600,148.7800
85.0578,143.6243,101.1040,39.3237,144.0867,45.9364,128.0405,150.2370
83.0922,142.5641,98.1714,38.5176,143.0547,45.0224,127.9755,149.0689
89.0000,46.0000,139.0000,46.0000,139.0000,145.0000,89.0000,145.0000
86.0000,48.0000,141.0000,48.0000,141.0000,143.0000,86.0000,143.0000
86.0000,51.0000,148.0000,51.0000,148.0000,142.0000,86.0000,142.0000
85.0000,53.0000,152.0000,53.0000,152.0000,141.0000,85.0000,141.0000
85.0000,53.0000,158.0000,53.0000,158.0000,140.0000,85.0000,140.0000
85.0000,52.0000,161.0000,52.0000,161.0000,141.0000,85.0000,141.0000
88.0000,47.0000,163.0000,47.0000,163.0000,139.0000,88.0000,139.0000
93.6949,128.1065,113.2659,33.8099,179.9590,47.6519,160.3881,141.9485
103.5273,120.6847,149.4958,30.9368,204.5617,59.1414,158.5933,148.8893
104.7222,122.5260,147.9448,30.3179,197.4948,53.5444,154.2722,145.7526
112.2548,131.1337,141.9204,30.2707,189.6178,44.2994,159.9522,145.1624
112.4545,40.5893,178.3136,36.0473,185.1444,135.0935,119.2852,139.6355
108.3865,44.2139,172.9163,34.0916,188.1148,130.9820,123.5850,141.1043
118.0000,37.0000,183.0000,37.0000,183.0000,137.0000,118.0000,137.0000
95.7034,121.7042,154.9197,31.0292,192.3600,55.4800,133.1436,146.1550
111.1271,133.7139,126.8982,30.4844,181.9738,38.8988,166.2027,142.1282
106.9070,124.7713,136.8238,27.9819,187.4091,43.6174,157.4924,140.4068
108.5722,137.7803,124.6994,32.9538,178.4277,41.2197,162.3006,146.0462
115.0000,40.0000,169.0000,40.0000,169.0000,146.0000,115.0000,146.0000
124.0000,41.0000,170.0000,41.0000,170.0000,149.0000,124.0000,149.0000
117.1954,148.7474,132.5987,38.7238,178.5382,45.1553,163.1349,155.1789
106.8017,144.3286,145.1983,37.6714,185.6728,52.2422,147.2762,158.8994
107.2466,146.7769,120.7570,40.6236,174.2720,47.4346,160.7616,153.5879
105.0000,45.0000,173.0000,45.0000,173.0000,145.0000,105.0000,145.0000
104.0000,44.0000,176.0000,44.0000,176.0000,143.0000,104.0000,143.0000
111.2675,126.4904,139.5000,30.5000,203.2771,49.2580,175.0446,145.2484
120.5917,134.1719,139.4830,27.9081,190.4930,36.9765,171.6017,143.2403
122.5758,143.0847,139.0830,30.8357,184.1093,37.4572,167.6020,149.7062
114.3359,146.6006,142.2299,30.3752,185.7247,40.8139,157.8306,157.0393
110.8218,151.8186,124.9180,34.3502,177.9937,40.7192,163.8975,158.1877
116.0000,38.0000,173.0000,38.0000,173.0000,152.0000,116.0000,152.0000
113.0000,38.0000,172.0000,38.0000,172.0000,151.0000,113.0000,151.0000
113.5273,145.8433,125.4588,33.6871,182.7256,39.7793,170.7941,151.9355
121.3227,40.5342,175.6550,36.1876,184.8919,151.6487,130.5596,155.9952
128.8644,41.1296,181.4550,36.4893,191.9846,155.8249,139.3940,160.4652
130.4746,159.6435,138.2321,39.4021,190.5948,42.7803,182.8373,163.0218
119.8945,156.8623,145.1575,37.4372,192.0587,47.3586,166.7957,166.7837
121.6929,155.4463,151.4569,31.4296,197.3344,42.4402,167.5704,166.4569
119.6740,149.3097,139.0278,28.0257,192.9318,36.6274,173.5780,157.9114
120.7674,145.4189,142.0838,26.8465,197.0054,36.7201,175.6890,155.2924
126.4796,136.1631,156.2708,24.7701,208.6738,38.7849,178.8827,150.1779
122.9915,132.5041,157.7603,33.7607,213.9112,53.5321,179.1424,152.2755
119.0732,126.3415,159.8732,37.9415,219.1658,65.3073,178.3658,153.7073
113.5420,139.5778,157.1672,40.5822,219.4457,68.0269,175.8205,167.0226
111.7667,134.0045,161.0871,45.5678,223.6778,80.4742,174.3574,168.9109
111.5044,104.4570,174.4058,53.1426,228.4915,119.4412,165.5900,170.7555
113.6905,134.3313,164.0639,54.0062,222.4070,90.5942,172.0336,170.9194
111.9215,143.2367,166.4598,59.5268,219.4725,94.0654,164.9342,177.7754
111.2634,146.2293,167.0683,59.9854,216.7415,92.1268,160.9366,178.3707
107.6034,147.5512,177.8808,56.4509,219.7052,88.7155,149.4279,179.8158
98.8005,143.6298,179.8232,60.1519,215.7617,95.0334,134.7390,178.5114
97.0601,132.6524,186.3682,57.8266,220.4949,98.5584,131.1867,173.3841
92.9573,109.2641,200.3374,53.8786,224.4815,100.6885,117.1014,156.0740
107.7209,71.9062,227.9228,67.7613,229.2731,106.9216,109.0712,111.0665
100.4298,100.6692,101.3031,67.4817,230.7924,70.8893,229.9190,104.0768
88.8688,77.2007,99.9089,41.6269,234.5293,83.4056,223.4892,118.9794
91.0531,56.6492,115.7445,15.9302,233.1647,87.1318,208.4734,127.8509
92.6800,46.0730,127.3971,1.9878,235.3188,86.9761,200.6017,131.0613
144.9234,14.1758,228.9658,12.8418,230.5020,109.6270,146.4597,110.9610
137.0904,113.8941,152.9087,7.9117,230.1872,19.4459,214.3689,125.4282
130.6746,105.8737,181.0996,9.2259,241.9317,40.9643,191.5067,137.6122
125.4542,114.5730,186.7598,16.8155,240.0544,50.2375,178.7489,147.9951
128.2337,131.5644,175.2111,44.0157,229.6189,73.2102,182.6416,160.7589
151.0000,58.0000,237.0000,58.0000,237.0000,144.0000,151.0000,144.0000
146.0000,140.0000,146.0000,70.0000,244.0000,70.0000,244.0000,140.0000
138.8739,131.9061,147.7553,82.1706,250.4104,100.5019,241.5291,150.2373
136.9423,126.5910,160.0188,72.0464,259.9084,114.3074,236.8319,168.8520
139.9178,99.0618,220.7396,94.4434,225.1676,171.9333,144.3458,176.5517
145.0000,91.0000,219.0000,91.0000,219.0000,173.0000,145.0000,173.0000
149.0000,87.0000,216.0000,87.0000,216.0000,175.0000,149.0000,175.0000
156.2308,174.1538,160.6697,80.9367,208.8462,83.2308,204.4073,176.4480
143.8307,166.1387,165.6390,72.4913,209.5586,82.7191,187.7503,176.3665
136.3577,163.5340,167.5063,64.8967,209.3350,78.1058,178.1864,176.7431
123.5680,158.7633,166.7899,53.7959,206.3225,70.0740,163.1006,175.0414
106.4461,144.0477,164.0705,44.5145,204.6722,68.0208,147.0477,167.5540
96.9715,131.2641,164.4641,42.1229,204.1814,72.1945,136.6887,161.3357
87.2615,91.7077,173.3077,42.5385,200.7538,90.5692,114.7077,139.7385
91.7816,56.1381,185.6527,49.5507,189.0377,97.7868,95.1666,104.3743
83.0000,49.0000,185.0000,49.0000,185.0000,101.0000,83.0000,101.0000
85.2037,94.8847,88.0900,43.6530,191.3397,49.4698,188.4534,100.7016
87.8459,67.9773,101.8655,26.5280,201.7211,60.3027,187.7015,101.7520
89.3346,56.6107,106.6613,19.8780,204.6820,66.1141,187.3553,102.8468
93.1514,57.0046,113.2844,19.6147,205.5367,69.2890,185.4037,106.6789
130.8634,23.4823,163.1720,12.2445,192.6492,96.9916,160.3406,108.2293
136.6692,14.4539,169.0769,5.6154,194.2769,98.0154,161.8692,106.8539
151.0000,12.0000,187.0000,12.0000,187.0000,103.0000,151.0000,103.0000
154.3551,103.1655,171.9398,12.3109,198.5868,17.4684,181.0020,108.3230
156.4109,103.5192,172.4063,21.5427,198.4630,26.6269,182.4676,108.6034
150.9175,96.1856,185.9691,17.3196,214.5464,30.0206,179.4949,108.8866
151.7496,82.1547,206.7081,35.2784,225.3686,57.1562,170.4101,104.0325
153.2877,73.7671,216.3014,50.1370,227.1096,78.9589,164.0959,102.5891
163.0000,63.0000,229.0000,63.0000,229.0000,99.0000,163.0000,99.0000
154.6342,84.7073,163.7561,64.8049,225.0129,92.8809,215.8910,112.7834
153.4881,82.5727,163.3796,63.7787,226.4382,96.9675,216.5466,115.7614
151.6587,75.0990,171.6852,58.0551,221.9871,117.1599,201.9606,134.2037
155.9173,69.7901,185.0087,58.3299,213.4889,130.6256,184.3975,142.0858
162.4372,63.9746,195.7569,59.4567,206.1332,135.9819,172.8136,140.4998
161.4214,143.7675,162.5448,68.5007,199.1187,69.0465,197.9953,144.3134
156.7562,142.0330,163.4512,69.7270,204.4332,73.5216,197.7382,145.8276
159.0000,71.0000,198.0000,71.0000,198.0000,143.0000,159.0000,143.0000
158.1081,75.6487,195.2433,69.4595,206.7297,138.3784,169.5946,144.5676
158.4101,75.0579,195.1675,65.6548,212.0974,131.8355,175.3401,141.2386
159.8824,76.9629,195.0867,68.5445,210.3599,132.4139,175.1556,140.8324
156.5746,71.0365,198.7788,67.4190,204.4360,133.4198,162.2318,137.0373
152.8397,68.3504,198.8884,66.7625,201.0534,129.5499,155.0047,131.1378
154.5294,69.8823,198.6529,66.4882,203.6176,131.0294,159.4941,134.4235
153.1231,65.9846,199.7693,60.1539,207.9385,125.5077,161.2923,131.3385
155.1892,66.1351,200.1081,58.6487,210.7567,122.5405,165.8378,130.0270
158.2045,63.8518,202.2195,60.0244,207.9119,125.4859,163.8969,129.3133
161.3229,65.3668,205.6775,61.8880,210.7673,126.7830,166.4127,130.2617
161.4337,67.0895,207.4263,64.4613,211.0407,127.7120,165.0480,130.3401
165.7137,64.2699,208.9507,62.6685,211.3589,127.6904,168.1219,129.2918
165.1098,65.7507,209.4676,63.5869,212.5228,126.2184,168.1650,128.3822
166.0080,127.4560,178.2160,60.3120,220.8080,68.0560,208.6000,135.2000
166.3321,126.6811,171.9456,62.1257,214.7092,65.8443,209.0957,130.3996
161.0864,124.2975,195.9444,60.9194,229.0346,79.1190,194.1766,142.4971
161.3251,126.5739,165.3963,62.7912,206.4842,65.4139,202.4130,129.1966
159.3922,126.6598,168.0911,59.9684,212.4665,65.7565,203.7677,132.4480
154.0975,124.7407,191.4108,60.2905,224.1681,79.2552,186.8548,143.7054
152.7202,124.3368,190.0414,60.3575,225.9171,81.2850,188.5959,145.2643
152.1064,124.4329,190.4709,61.0482,222.6928,80.5509,184.3284,143.9356
149.7306,123.5820,191.6596,58.9414,225.3687,80.8067,183.4396,145.4473
151.2158,123.8091,191.4502,54.3133,223.0249,72.5934,182.7905,142.0892
152.6214,123.8491,187.6172,51.5244,216.3954,65.4494,181.3997,137.7740
151.8293,123.5366,186.5122,48.3902,217.5219,62.7024,182.8390,137.8488
147.3493,120.7357,181.1109,44.3281,219.8692,61.4539,186.1077,137.8615
145.2456,119.4745,184.1817,43.3721,220.2516,61.8264,181.3155,137.9289
142.0277,115.9481,182.3045,40.4291,221.2837,61.2180,181.0069,136.7370
146.2614,115.6284,186.0109,40.8994,223.0603,60.6066,183.3109,135.3356
164.4611,123.4702,191.5814,44.6920,223.2979,55.6108,196.1776,134.3890
167.2181,125.7801,190.3575,43.5068,221.0543,52.1403,197.9149,134.4136
170.1799,49.8722,220.8624,47.2951,224.7487,123.7246,174.0662,126.3017
170.0000,46.0000,219.0000,46.0000,219.0000,125.0000,170.0000,125.0000
171.0000,46.0000,221.0000,46.0000,221.0000,124.0000,171.0000,124.0000
174.0000,45.0000,225.0000,45.0000,225.0000,125.0000,174.0000,125.0000
174.0000,45.0000,224.0000,45.0000,224.0000,126.0000,174.0000,126.0000
177.0000,45.0000,227.0000,45.0000,227.0000,128.0000,177.0000,128.0000
177.0000,47.0000,226.0000,47.0000,226.0000,132.0000,177.0000,132.0000
180.0000,46.0000,225.0000,46.0000,225.0000,132.0000,180.0000,132.0000
182.0000,47.0000,226.0000,47.0000,226.0000,134.0000,182.0000,134.0000
184.0000,49.0000,225.0000,49.0000,225.0000,137.0000,184.0000,137.0000
184.0000,49.0000,225.0000,49.0000,225.0000,136.0000,184.0000,136.0000
185.0000,50.0000,224.0000,50.0000,224.0000,137.0000,185.0000,137.0000
179.9823,135.2294,186.6882,48.0529,225.3059,51.0235,218.6000,138.2000
186.0000,49.0000,223.0000,49.0000,223.0000,136.0000,186.0000,136.0000
181.5670,135.5884,186.9032,47.0062,223.2293,49.1945,217.8930,137.7767
187.0000,49.0000,223.0000,49.0000,223.0000,136.0000,187.0000,136.0000
185.2339,136.3730,188.3571,47.8832,222.1033,49.0742,218.9801,137.5640
188.0000,50.0000,221.0000,50.0000,221.0000,137.0000,188.0000,137.0000
185.4317,135.7178,189.5354,47.4900,223.0443,49.0486,218.9407,137.2763
186.2948,135.0981,189.3560,47.8546,222.1051,49.0037,219.0439,136.2471
187.3670,136.3575,190.3824,48.9097,222.0689,50.0024,219.0534,137.4501
190.0642,138.6755,191.1250,50.6280,222.0361,51.0004,220.9753,139.0479
189.0966,137.7894,190.1219,50.6367,222.0234,51.0120,220.9980,138.1647
190.0000,51.0000,222.0000,51.0000,222.0000,138.0000,190.0000,138.0000
190.0000,52.0000,222.0000,52.0000,222.0000,138.0000,190.0000,138.0000
191.0000,52.0000,222.0000,52.0000,222.0000,138.0000,191.0000,138.0000
192.0000,51.0000,223.0000,51.0000,223.0000,138.0000,192.0000,138.0000
192.0000,52.0000,224.0000,52.0000,224.0000,139.0000,192.0000,139.0000
192.0000,51.0000,223.0000,51.0000,223.0000,138.0000,192.0000,138.0000
192.0000,52.0000,223.0000,52.0000,223.0000,138.0000,192.0000,138.0000
188.6856,137.5367,193.4007,49.5215,224.2051,51.1717,219.4900,139.1870
193.0000,52.0000,224.0000,52.0000,224.0000,139.0000,193.0000,139.0000
189.0681,137.6206,193.3685,50.5367,224.1946,52.0590,219.8941,139.1429
194.0000,52.0000,224.0000,52.0000,224.0000,138.0000,194.0000,138.0000
194.0000,53.0000,224.0000,53.0000,224.0000,139.0000,194.0000,139.0000
194.0000,53.0000,225.0000,53.0000,225.0000,138.0000,194.0000,138.0000
192.0000,53.0000,223.0000,53.0000,223.0000,138.0000,192.0000,138.0000
187.2506,136.0507,191.4859,52.4044,224.0985,54.0556,219.8632,137.7019
189.0000,54.0000,222.0000,54.0000,222.0000,137.0000,189.0000,137.0000
192.0000,56.0000,222.0000,56.0000,222.0000,139.0000,192.0000,139.0000
192.0000,58.0000,222.0000,58.0000,222.0000,138.0000,192.0000,138.0000
192.0000,55.0000,220.0000,55.0000,220.0000,137.0000,192.0000,137.0000
187.7568,56.5405,213.5405,52.2432,227.2703,134.6216,201.4865,138.9189
190.4769,55.8154,212.8769,53.0154,223.3692,136.9539,200.9693,139.7538
188.9090,55.2697,214.2808,54.4240,217.0322,136.9656,191.6604,137.8113
188.0000,55.0000,215.0000,55.0000,215.0000,138.0000,188.0000,138.0000
187.0782,136.7792,188.5986,54.6777,214.5156,55.1577,212.9952,137.2592
185.2859,54.2932,211.5936,53.8317,213.0527,136.9991,186.7449,137.4606
187.0000,138.0000,187.0000,55.0000,212.0000,55.0000,212.0000,138.0000
184.6815,136.5560,187.4195,54.4140,213.8568,55.2952,211.1187,137.4373
186.0000,56.0000,211.0000,56.0000,211.0000,137.0000,186.0000,137.0000
185.1692,56.3060,210.5427,55.8447,212.0360,137.9812,186.6626,138.4425
187.0000,56.0000,211.0000,56.0000,211.0000,137.0000,187.0000,137.0000
187.2240,57.2165,209.6583,56.8363,211.0333,137.9655,188.5991,138.3458
185.5285,58.3266,209.2589,57.5083,212.0641,138.8599,188.3337,139.6781
187.2184,58.2282,209.6041,57.8285,211.0526,138.9455,188.6669,139.3452
188.2081,59.2369,210.5708,58.8228,212.0737,139.9801,189.7110,140.3943
190.0000,60.0000,211.0000,60.0000,211.0000,140.0000,190.0000,140.0000
189.1534,61.1292,210.5420,60.7256,212.0562,140.9801,190.6676,141.3836
187.5884,63.2391,209.4366,62.5343,211.9990,141.9678,190.1507,142.6725
190.1966,63.2071,210.6815,62.8477,212.0699,141.9812,191.5849,142.3406
190.0000,64.0000,211.0000,64.0000,211.0000,142.0000,190.0000,142.0000
190.0000,64.0000,211.0000,64.0000,211.0000,142.0000,190.0000,142.0000
190.0000,64.0000,211.0000,64.0000,211.0000,142.0000,190.0000,142.0000
190.0000,64.0000,210.0000,64.0000,210.0000,142.0000,190.0000,142.0000
189.2477,65.1185,209.6976,64.7597,211.0671,142.8234,190.6172,143.1822
190.2123,65.1015,210.6622,64.7428,212.0345,142.9643,191.5846,143.3231
191.0000,65.0000,211.0000,65.0000,211.0000,143.0000,191.0000,143.0000
190.2123,65.1015,210.6973,64.7421,212.0526,141.9991,191.5677,142.3585
191.0000,65.0000,211.0000,65.0000,211.0000,142.0000,191.0000,142.0000
191.0000,65.0000,211.0000,65.0000,211.0000,143.0000,191.0000,143.0000
191.2474,65.1009,211.7148,64.7418,213.0699,141.9812,192.6025,142.3403
192.0000,64.0000,212.0000,64.0000,212.0000,142.0000,192.0000,142.0000
190.5171,64.2537,211.4083,63.5455,214.0551,141.6252,193.1638,142.3334
191.5848,64.2514,212.4422,63.5443,215.0666,140.9638,194.2092,141.6709
192.1586,63.2469,213.5546,62.8355,215.0562,140.9220,193.6603,141.3335
193.0000,64.0000,214.0000,64.0000,214.0000,140.0000,193.0000,140.0000
192.6000,63.2000,212.7054,62.5717,215.1239,139.9649,195.0185,140.5932
195.0000,64.0000,216.0000,64.0000,216.0000,140.0000,195.0000,140.0000
193.2242,64.1069,214.6613,63.7100,216.0737,139.9801,194.6366,140.3771
193.1049,64.1407,214.5246,63.7036,216.0816,139.9983,194.6619,140.4355
192.6624,64.1980,214.7034,63.5093,217.0927,139.9659,195.0517,140.6546
192.7018,64.1605,214.7725,63.4917,217.0605,138.9982,194.9899,139.6670
193.6101,62.1330,213.7734,61.5220,216.0908,137.9973,195.9275,138.6083
193.4395,62.1853,214.5827,61.4806,217.1321,137.9623,195.9889,138.6670
192.4980,61.2948,212.9927,60.1968,217.1546,137.8846,196.6598,138.9825
195.0000,60.0000,216.0000,60.0000,216.0000,137.0000,195.0000,137.0000
193.8080,58.1266,214.8443,57.6136,216.7794,136.9566,195.7432,137.4697
191.4568,59.3959,211.5685,57.9594,217.3299,138.6193,197.2183,140.0558
192.6178,59.1650,213.6653,58.1383,217.5573,137.9240,196.5098,138.9507
191.6272,59.0947,211.7385,57.7077,217.2651,137.8438,197.1539,139.2308
192.1167,59.0340,214.0842,58.1891,217.1507,137.9173,195.1832,138.7622
193.0044,58.1152,215.1256,57.2644,218.2275,137.9143,196.1064,138.7651
191.3438,58.6412,212.4502,57.0778,218.4366,137.8936,197.3302,139.4570
190.4011,59.4147,212.4284,57.7831,218.3929,138.3042,196.3656,139.9359
190.2882,58.7471,212.2353,57.0588,218.4529,137.8882,196.5059,139.5765
188.8467,59.8515,211.4188,57.7518,218.8676,137.8263,196.2955,139.9260
188.4778,60.8858,211.5110,58.7432,218.8762,137.9185,195.8429,140.0611
187.3169,61.8270,210.8652,59.5843,218.3708,138.3933,194.8225,140.6360
183.7503,63.6896,207.9790,60.3477,218.6208,137.5006,194.3921,140.8425
181.3846,65.9231,205.6154,61.0769,220.6154,136.0769,196.3846,140.9231
182.7117,68.2529,213.0706,65.9176,218.6000,137.8000,188.2411,140.1353
182.0000,70.0000,218.0000,70.0000,218.0000,138.0000,182.0000,138.0000
178.3479,71.1965,215.2197,68.4652,220.2947,136.9782,183.4229,139.7094
173.9740,71.7596,214.0195,67.4303,221.6412,137.9307,181.5957,142.2599
174.0000,73.0000,221.0000,73.0000,221.0000,138.0000,174.0000,138.0000
168.2485,76.1156,213.0347,69.2254,223.6011,137.9075,178.8150,144.7977
161.8068,79.9010,201.7182,67.0264,224.4609,137.5288,184.5495,150.4034
159.7571,79.6616,201.9989,66.5521,223.6985,136.4729,181.4566,149.5824
158.5000,79.5000,200.8000,65.4000,224.8000,137.4000,182.5000,151.5000
155.9647,78.6588,196.1104,63.1186,224.3566,136.0878,184.2109,151.6281
155.6398,76.2362,195.2525,60.9023,223.6833,134.3484,184.0706,149.6824
152.7695,78.8996,188.3212,61.6625,222.3554,131.8580,186.8037,149.0952
153.5629,76.7680,188.8605,64.2431,211.2874,127.4464,175.9898,139.9714
150.2545,76.3335,180.5141,62.7963,208.9717,126.4074,178.7121,139.9446
148.0000,79.0000,174.0000,66.0000,205.0000,128.0000,179.0000,141.0000
149.5984,75.8139,177.6298,65.5358,201.8169,131.5005,173.7855,141.7787
155.8070,70.3147,196.5361,67.8463,200.4794,132.9104,159.7502,135.3788
133.8000,80.6000,168.2000,63.4000,201.8000,130.6000,167.4000,147.8000
147.0000,66.0000,198.0000,66.0000,198.0000,130.0000,147.0000,130.0000
144.8909,125.9087,146.2281,65.7384,197.2917,66.8732,195.9546,127.0434
147.0000,66.0000,195.0000,66.0000,195.0000,127.0000,147.0000,127.0000
147.6146,66.1916,184.9478,64.0784,188.4216,125.4478,151.0884,127.5610
146.4574,66.7608,171.3608,63.3427,180.1068,127.0638,155.2034,130.4819
146.0483,67.9628,166.9792,63.8929,179.2877,127.1940,158.3569,131.2639
146.6947,68.4204,172.9115,66.6726,177.1903,130.8540,150.9735,132.6018
137.6552,70.8621,167.8435,64.5066,181.7639,130.6286,151.5756,136.9841
135.0710,71.8476,166.2276,64.2690,181.8627,128.5469,150.7062,136.1255
142.7297,65.3784,175.9730,59.8378,187.4595,128.7567,154.2162,134.2973
148.5181,61.8457,176.2296,56.6170,189.7876,128.4740,162.0760,133.7027
137.4577,62.8506,161.5353,53.0412,191.7012,127.0847,167.6235,136.8941
140.4655,56.0862,160.3793,47.5517,193.0690,123.8276,173.1552,132.3621
141.2356,52.3178,163.0685,41.6964,199.6320,116.8547,177.7991,127.4761
144.7695,49.1249,168.2934,39.5683,199.8290,117.1945,176.3051,126.7511
141.9364,51.1995,164.7998,39.3868,203.3918,114.0809,180.5284,125.8937
146.0862,46.5345,167.3276,37.4310,201.5690,117.3276,180.3276,126.4310
150.0618,44.3297,170.2458,37.2380,198.8322,118.5995,178.6483,125.6912
149.3816,42.3879,171.3306,33.9691,202.0010,113.9311,180.0520,122.3499
146.7534,40.9049,171.4783,30.9462,204.0979,111.9328,179.3729,121.8914
148.6849,37.4932,173.3425,28.2466,203.9589,109.8904,179.3014,119.1370
151.8361,45.5850,183.9954,37.3155,203.8354,114.4709,171.6761,122.7404
152.8255,45.6778,194.5839,38.3087,208.0336,114.5235,166.2752,121.8926
155.0000,43.0000,201.0000,43.0000,201.0000,117.0000,155.0000,117.0000
154.7554,58.7725,204.2811,46.9807,219.8498,112.3691,170.3240,124.1609
156.0605,63.8660,189.9175,51.0756,213.9996,114.8224,180.1426,127.6128
156.5110,65.9051,190.6350,53.4964,213.1460,115.4015,179.0219,127.8102
157.6425,70.1991,191.7873,58.0045,214.5475,121.7330,180.4027,133.9276
159.4793,75.4497,191.6687,62.1953,216.8314,123.3047,184.6420,136.5592
160.2086,77.6727,191.7712,63.7480,218.8820,125.1991,187.3193,139.1238
170.1000,84.3000,201.3000,73.9000,220.4000,131.2000,189.2000,141.6000
166.0472,97.0045,193.4663,74.3539,233.7506,123.1191,206.3315,145.7697
166.6506,104.5809,189.4292,77.0067,233.6461,113.5337,210.8674,141.1079
173.1035,115.7586,187.7414,81.6034,237.1035,102.7586,222.4655,136.9138
183.8892,125.8803,185.3900,86.8612,235.2777,88.7799,233.7770,127.7991
187.0000,80.0000,239.0000,80.0000,239.0000,125.0000,187.0000,125.0000
187.5280,117.5385,196.1819,63.1426,234.9063,69.3033,226.2524,123.6992
188.0000,60.0000,234.0000,60.0000,234.0000,117.0000,188.0000,117.0000
185.9922,117.6110,210.2966,54.6408,242.3466,67.0110,218.0423,129.9812
188.3960,116.6319,203.6684,50.0878,236.5121,57.6257,221.2397,124.1698
190.7246,117.9745,197.1306,48.7899,230.2173,51.8535,223.8113,121.0381
192.0000,46.0000,222.0000,46.0000,222.0000,118.0000,192.0000,118.0000
179.7182,48.5658,210.3591,43.2829,223.3152,118.4284,192.6744,123.7113
171.0736,54.6437,200.1684,42.2785,231.7385,116.5611,202.6438,128.9264
163.7990,58.3889,190.5817,41.8466,234.1334,112.3588,207.3506,128.9011
163.3996,65.7533,191.7205,44.0961,234.3537,99.8472,206.0327,121.5044
186.7271,112.9182,188.1062,57.7527,229.7302,58.7933,228.3510,113.9588
186.5529,115.8118,190.7176,61.6706,230.4823,64.7294,226.3176,118.8706
187.9272,113.9947,192.3172,53.9988,227.3491,56.5621,222.9592,116.5580
188.2951,112.7541,194.2213,47.5656,220.4590,49.9508,214.5328,115.1393
192.7376,111.9862,196.2707,44.8564,219.2072,46.0635,215.6740,113.1934
184.5996,37.6477,210.5164,32.7112,224.4158,105.6827,198.4989,110.6192
182.5609,29.6472,201.9000,24.7000,220.9573,99.1970,201.6183,104.1442
180.2941,25.1765,201.0000,20.0000,219.7647,95.0588,199.0589,100.2353
177.4697,32.9533,201.5274,24.7049,225.5450,94.7560,201.4872,103.0044
178.8973,37.4162,207.4973,28.6162,226.9351,91.7892,198.3351,100.5892
175.1238,42.6807,204.5692,29.6901,229.6380,86.5127,200.1926,99.5033
170.3973,49.2445,201.8378,25.4259,236.0706,70.6132,204.6301,94.4317
162.0000,88.0000,162.0000,37.0000,210.0000,37.0000,210.0000,88.0000
166.0000,35.0000,218.0000,35.0000,218.0000,84.0000,166.0000,84.0000
161.0270,36.1622,205.6216,28.7297,212.4324,69.5946,167.8378,77.0270
159.6891,63.1813,205.1425,11.4585,230.7560,33.9673,185.3026,85.6901
159.6711,65.7580,205.0819,10.0931,231.2790,31.4644,185.8682,87.1293
158.4631,65.3758,201.7292,15.5543,227.3076,37.7671,184.0415,87.5886
155.4266,70.0663,194.6903,14.8063,218.0709,31.4188,178.8072,86.6788
158.1199,70.1221,190.9426,12.2917,217.9873,27.6414,185.1646,85.4718
166.0000,15.0000,207.0000,15.0000,207.0000,79.0000,166.0000,79.0000
164.0000,21.0000,194.0000,21.0000,194.0000,88.0000,164.0000,88.0000
166.0000,17.0000,195.0000,17.0000,195.0000,88.0000,166.0000,88.0000
162.6492,21.3343,191.3591,19.8232,195.2431,93.6188,166.5332,95.1298
159.1595,98.4475,164.0584,20.0661,191.0778,21.7549,186.1790,100.1362
161.0000,25.0000,190.0000,25.0000,190.0000,103.0000,161.0000,103.0000
163.0000,22.0000,191.0000,22.0000,191.0000,100.0000,163.0000,100.0000
161.9958,104.8367,171.1046,26.5005,196.1382,29.4114,187.0294,107.7476
160.1321,104.2404,172.5284,32.9615,198.5670,37.4899,186.1707,108.7688
164.9105,107.7126,171.3040,38.9818,195.9281,41.2724,189.5346,110.0032
169.6685,112.9352,171.4857,47.5135,194.9676,48.1658,193.1504,113.5875
170.0000,117.0000,170.0000,54.0000,195.0000,54.0000,195.0000,117.0000
170.0000,123.0000,170.0000,60.0000,196.0000,60.0000,196.0000,123.0000
164.0000,60.0000,194.0000,60.0000,194.0000,125.0000,164.0000,125.0000
161.8180,60.3591,185.0100,59.1995,188.2968,124.9352,165.1048,126.0948
157.2973,65.2162,178.3784,58.7297,197.7297,121.6216,176.6487,128.1081
156.8928,71.8472,179.1448,62.0563,202.2212,114.5027,179.9692,124.2936
156.4932,67.3151,182.1370,57.6986,202.4384,111.8356,176.7945,121.4521
155.0492,76.4590,180.2295,55.4754,212.9344,94.7213,187.7541,115.7049
158.0000,61.0000,200.0000,61.0000,200.0000,107.0000,158.0000,107.0000
152.0000,51.0000,195.0000,51.0000,195.0000,92.0000,152.0000,92.0000
153.5551,89.6835,179.1468,42.1560,205.5046,56.3486,179.9128,103.8761
152.5416,90.7845,182.7144,44.8694,201.8706,57.4578,171.6978,103.3729
151.9324,90.5048,183.1007,42.1940,203.6231,55.4342,172.4548,103.7450
155.7932,93.8192,175.5214,37.6697,195.7054,44.7614,175.9772,100.9109
158.0000,34.0000,186.0000,34.0000,186.0000,96.0000,158.0000,96.0000
141.5381,104.4670,145.6091,47.4721,179.7208,49.9086,175.6497,106.9036
140.0000,56.0000,176.0000,56.0000,176.0000,106.0000,140.0000,106.0000
138.0000,63.0000,177.0000,63.0000,177.0000,107.0000,138.0000,107.0000
135.0000,64.0000,178.0000,64.0000,178.0000,107.0000,135.0000,107.0000
134.0000,63.0000,177.0000,63.0000,177.0000,107.0000,134.0000,107.0000
134.8367,67.6110,182.0358,66.1807,183.2404,105.9321,136.0413,107.3624
135.0000,74.0000,187.0000,74.0000,187.0000,111.0000,135.0000,111.0000
135.1882,114.1529,143.5412,76.5647,188.2235,86.4941,179.8706,124.0823
137.2590,113.8814,143.2496,76.4399,190.1295,83.9407,184.1388,121.3822
137.7168,113.6617,143.2363,76.4054,188.8644,83.1651,183.3450,120.4215
125.7242,99.6897,148.0852,68.7282,176.0528,88.9270,153.6917,119.8884
138.5000,109.5000,146.1539,71.2308,175.3846,77.0769,167.7308,115.3462
137.4564,107.7884,147.5975,69.7593,176.5394,77.4772,166.3983,115.5062
142.0000,69.0000,174.0000,69.0000,174.0000,108.0000,142.0000,108.0000
145.0000,69.0000,174.0000,69.0000,174.0000,108.0000,145.0000,108.0000
145.0000,69.0000,174.0000,69.0000,174.0000,109.0000,145.0000,109.0000
147.0000,69.0000,174.0000,69.0000,174.0000,109.0000,147.0000,109.0000
150.0000,68.0000,174.0000,68.0000,174.0000,109.0000,150.0000,109.0000
150.0000,67.0000,175.0000,67.0000,175.0000,109.0000,150.0000,109.0000
151.0000,67.0000,175.0000,67.0000,175.0000,111.0000,151.0000,111.0000
151.0000,68.0000,176.0000,68.0000,176.0000,112.0000,151.0000,112.0000
143.8725,109.3541,159.4122,66.1884,181.0482,73.9773,165.5085,117.1431
144.4207,109.8315,161.4901,62.4164,183.3739,70.2946,166.3045,117.7096
144.3499,110.8059,161.2153,63.9575,182.8513,71.7465,165.9858,118.5949
145.2000,111.4000,159.9000,67.3000,181.5000,74.5000,166.8000,118.6000
145.0540,109.8449,159.8803,67.2192,181.6391,74.7875,166.8128,117.4132
145.4334,111.6290,160.3676,68.6931,182.4368,76.3693,167.5025,119.3052
145.7437,111.7369,160.2732,69.9646,182.0320,77.5329,167.5025,119.3052
154.0000,72.0000,177.0000,72.0000,177.0000,116.0000,154.0000,116.0000
155.0000,72.0000,178.0000,72.0000,178.0000,116.0000,155.0000,116.0000
154.0000,72.0000,177.0000,72.0000,177.0000,115.0000,154.0000,115.0000
155.0000,74.0000,177.0000,74.0000,177.0000,116.0000,155.0000,116.0000
154.0000,72.0000,176.0000,72.0000,176.0000,115.0000,154.0000,115.0000
155.0000,73.0000,175.0000,73.0000,175.0000,116.0000,155.0000,116.0000
154.0000,71.0000,175.0000,71.0000,175.0000,115.0000,154.0000,115.0000
154.0000,69.0000,174.0000,69.0000,174.0000,114.0000,154.0000,114.0000
153.0000,69.0000,174.0000,69.0000,174.0000,114.0000,153.0000,114.0000
153.0000,67.0000,175.0000,67.0000,175.0000,113.0000,153.0000,113.0000
152.0000,66.0000,174.0000,66.0000,174.0000,113.0000,152.0000,113.0000
153.0000,65.0000,175.0000,65.0000,175.0000,113.0000,153.0000,113.0000
154.0000,65.0000,176.0000,65.0000,176.0000,114.0000,154.0000,114.0000
156.3083,64.5874,177.1107,63.3266,180.1409,113.3248,159.3385,114.5855
154.0000,63.0000,177.0000,63.0000,177.0000,114.0000,154.0000,114.0000
151.9059,112.4235,163.2706,61.2823,180.9530,65.2118,169.5882,116.3529
152.1154,113.5826,163.1120,60.1701,180.5494,63.7602,169.5527,117.1726
154.7077,115.3385,161.5385,60.6923,177.5385,62.6923,170.7077,117.3385
152.1802,114.9420,164.7492,61.0748,182.8314,65.2940,170.2624,119.1612
153.7556,116.3154,162.5994,61.4838,179.3570,64.1866,170.5132,119.0183
155.0600,115.5800,162.9200,60.5600,178.6000,62.8000,170.7400,117.8200
153.3646,114.1517,165.9189,60.3477,183.7798,64.5153,171.2255,118.3193
151.7000,110.9000,168.3000,61.1000,189.0000,68.0000,172.4000,117.8000
149.6778,111.2569,165.4572,61.9463,187.3730,68.9594,171.5936,118.2700
146.5464,109.0206,167.7423,61.3299,192.7938,72.4639,171.5979,120.1546
143.9919,108.3487,168.2919,62.4486,194.1595,76.1432,169.8595,122.0433
143.7363,103.0341,170.5607,62.0915,196.7380,79.2421,169.9135,120.1847
140.7019,99.7977,170.8576,62.4619,198.2077,84.5524,168.0519,121.8881
142.9487,105.2081,166.1784,61.3297,194.5730,76.3622,171.3432,120.2406
144.6565,111.9341,165.2330,61.4282,191.1530,71.9882,170.5765,122.4941
149.4528,71.5849,177.3207,63.6226,192.1509,115.5283,164.2830,123.4906
150.9000,71.7000,174.6000,63.8000,191.9000,115.7000,168.2000,123.6000
154.0824,67.8706,177.1647,62.7412,189.4706,118.1176,166.3882,123.2470
154.1589,67.2487,177.0278,63.7837,185.8339,121.9039,162.9650,125.3689
160.0000,66.0000,180.0000,66.0000,180.0000,125.0000,160.0000,125.0000
159.0000,67.0000,179.0000,67.0000,179.0000,126.0000,159.0000,126.0000
159.0000,68.0000,180.0000,68.0000,180.0000,128.0000,159.0000,128.0000
159.0000,67.0000,179.0000,67.0000,179.0000,127.0000,159.0000,127.0000
158.0000,69.0000,180.0000,69.0000,180.0000,128.0000,158.0000,128.0000
158.0000,68.0000,179.0000,68.0000,179.0000,128.0000,158.0000,128.0000
156.0000,69.0000,179.0000,69.0000,179.0000,128.0000,156.0000,128.0000
156.0000,69.0000,179.0000,69.0000,179.0000,128.0000,156.0000,128.0000
154.0000,69.0000,179.0000,69.0000,179.0000,129.0000,154.0000,129.0000
150.0000,69.0000,178.0000,69.0000,178.0000,129.0000,150.0000,129.0000
149.0000,69.0000,179.0000,69.0000,179.0000,129.0000,149.0000,129.0000
143.3876,121.0356,162.0022,67.8508,192.0690,78.3742,173.4544,131.5590
140.2477,124.8257,150.0385,68.5284,183.6734,74.3780,173.8826,130.6752
137.0000,124.0000,146.9680,69.1760,183.8400,75.8800,173.8720,130.7040
134.6639,126.6967,139.7623,70.6147,180.8770,74.3524,175.7787,130.4344
133.2224,129.8819,134.9971,73.0937,177.9239,74.4351,176.1493,131.2234
131.3466,130.8671,132.9967,73.1142,176.9608,74.3703,175.3108,132.1232
131.3092,132.8697,132.9106,75.2197,176.8766,76.4410,175.2753,134.0910
133.0000,74.0000,176.0000,74.0000,176.0000,133.0000,133.0000,133.0000
132.0000,75.0000,177.0000,75.0000,177.0000,134.0000,132.0000,134.0000
121.9311,82.4214,158.3606,71.0878,177.8510,133.7353,141.4214,145.0689
121.4621,83.5784,157.7656,70.9511,179.7150,134.0556,143.4115,146.6830
122.2215,80.7757,156.8852,68.9753,178.6101,132.7923,143.9464,144.5927
122.8903,78.8783,156.9542,67.2656,179.2217,132.5835,145.1578,144.1962
131.5954,73.3699,169.3931,67.5549,179.2775,131.8035,141.4798,137.6185
134.2606,70.0177,173.5635,67.1064,178.2947,130.9782,138.9918,133.8895
135.0000,69.0000,178.0000,69.0000,178.0000,131.0000,135.0000,131.0000
130.8085,69.2870,170.9870,65.3671,177.4644,131.7596,137.2858,135.6794
133.1873,66.3029,174.4678,65.2444,176.1531,130.9704,134.8725,132.0289
133.4061,66.9522,166.2457,63.0887,174.2048,130.7406,141.3652,134.6041
147.0000,61.0000,172.0000,61.0000,172.0000,128.0000,147.0000,128.0000
146.0000,61.0000,171.0000,61.0000,171.0000,131.0000,146.0000,131.0000
148.0000,59.0000,172.0000,59.0000,172.0000,129.0000,148.0000,129.0000
145.5039,59.1322,169.6301,58.4226,171.6958,128.6560,147.5696,129.3656
144.7660,60.1315,170.1576,59.6699,171.4326,129.7921,146.0410,130.2538
146.7062,60.1351,170.1612,59.7007,171.4584,129.7508,148.0034,130.1851
143.8670,131.8575,146.2910,61.5617,172.0190,62.4489,169.5950,132.7446
142.9672,131.9995,144.1341,60.8219,169.9304,61.2448,168.7636,132.4223
145.0000,133.0000,145.0000,61.0000,170.0000,61.0000,170.0000,133.0000
143.8791,134.8926,145.1612,61.8098,170.0483,62.2465,168.7662,135.3292
142.9683,134.9672,144.1483,61.8088,168.9160,62.2083,167.7361,135.3667
142.0000,61.0000,167.0000,61.0000,167.0000,135.0000,142.0000,135.0000
140.4417,61.4625,164.5466,60.2961,168.1765,135.3140,144.0716,136.4804
140.8121,61.1617,165.1234,60.7758,166.3146,135.8204,142.0033,136.2063
140.8118,62.1458,166.1071,61.7443,167.2985,136.8048,142.0033,137.2063
142.0000,63.0000,168.0000,63.0000,168.0000,139.0000,142.0000,139.0000
141.9144,138.9092,144.1556,62.7105,168.8107,63.4356,166.5696,139.6344
141.8497,138.8078,144.2293,62.6634,168.9239,63.4351,166.5444,139.5795
142.0000,64.0000,167.0000,64.0000,167.0000,139.0000,142.0000,139.0000
142.0000,64.0000,166.0000,64.0000,166.0000,139.0000,142.0000,139.0000
140.6049,63.3561,164.6751,62.6039,167.0195,137.6244,142.9493,138.3766
140.4182,63.4922,164.5521,62.3697,168.0437,137.4398,143.9099,138.5623
143.0000,62.0000,167.0000,62.0000,167.0000,137.0000,143.0000,137.0000
143.0000,62.0000,167.0000,62.0000,167.0000,138.0000,143.0000,138.0000
141.6954,64.9183,166.4085,63.0740,171.8482,135.9666,147.1351,137.8108
142.5525,64.0035,166.1969,62.2390,171.7109,136.1260,148.0665,137.8906
144.5998,66.3931,166.0226,65.6544,168.5035,137.6033,147.0807,138.3420
145.0000,137.0000,145.0000,62.0000,168.0000,62.0000,168.0000,137.0000
144.4777,63.3758,166.7350,62.5809,169.3809,136.6650,147.1236,137.4599
144.0000,62.0000,169.0000,62.0000,169.0000,135.0000,144.0000,135.0000
147.0000,62.0000,169.0000,62.0000,169.0000,136.0000,147.0000,136.0000
145.0000,62.0000,168.0000,62.0000,168.0000,135.0000,145.0000,135.0000
147.0000,134.0000,147.0000,61.0000,168.0000,61.0000,168.0000,134.0000
146.0000,62.0000,167.0000,62.0000,167.0000,135.0000,146.0000,135.0000
147.0000,136.0000,147.0000,63.0000,167.0000,63.0000,167.0000,136.0000
146.0000,62.0000,167.0000,62.0000,167.0000,136.0000,146.0000,136.0000
144.0411,62.4663,165.6615,61.5463,168.8545,136.5807,147.2341,137.5007
140.7977,63.1236,163.2099,61.2162,169.5829,136.0993,147.1708,138.0067
142.0000,62.0000,167.0000,62.0000,167.0000,137.0000,142.0000,137.0000
140.0000,62.0000,167.0000,62.0000,167.0000,137.0000,140.0000,137.0000
139.0000,62.0000,167.0000,62.0000,167.0000,137.0000,139.0000,137.0000
138.0000,64.0000,167.0000,64.0000,167.0000,139.0000,138.0000,139.0000
138.0000,63.0000,167.0000,63.0000,167.0000,139.0000,138.0000,139.0000
138.0000,65.0000,166.0000,65.0000,166.0000,139.0000,138.0000,139.0000
138.0000,65.0000,165.0000,65.0000,165.0000,139.0000,138.0000,139.0000
139.0000,65.0000,166.0000,65.0000,166.0000,139.0000,139.0000,139.0000
