1
188.0000,216.0000,230.0000,216.0000,230.0000,317.0000,188.0000,317.0000
185.0000,216.0000,229.0000,216.0000,229.0000,320.0000,185.0000,320.0000
182.0000,216.0000,228.0000,216.0000,228.0000,319.0000,182.0000,319.0000
181.0000,215.0000,227.0000,215.0000,227.0000,320.0000,181.0000,320.0000
173.7948,313.0393,186.9301,214.5240,231.6026,220.4804,218.4673,318.9956
171.0000,222.0000,222.0000,222.0000,222.0000,320.0000,171.0000,320.0000
171.0000,320.0000,171.0000,227.0000,222.0000,227.0000,222.0000,320.0000
172.0206,327.1168,174.2060,233.1443,223.1330,234.2822,220.9476,328.2546
179.0000,234.0000,225.0000,234.0000,225.0000,331.0000,179.0000,331.0000
177.4981,329.0312,183.5564,232.0973,227.7588,234.8600,221.7004,331.7938
183.3868,330.9101,187.5658,232.7049,230.7641,234.5432,226.5852,332.7483
176.8923,328.7661,190.7962,229.8932,231.1391,235.5664,217.2351,334.4393
184.0000,233.0000,225.0000,233.0000,225.0000,333.0000,184.0000,333.0000
173.6886,328.2492,187.7905,226.4018,230.1175,232.2624,216.0156,334.1098
174.4935,323.7991,188.0742,221.9432,232.2882,227.8384,218.7074,329.6943
182.0000,223.0000,235.0000,223.0000,235.0000,322.0000,182.0000,322.0000
185.0000,215.0000,242.0000,215.0000,242.0000,313.0000,185.0000,313.0000
194.0000,210.0000,252.0000,210.0000,252.0000,306.0000,194.0000,306.0000
188.0000,211.0000,248.0000,211.0000,248.0000,309.0000,188.0000,309.0000
192.0000,212.0000,250.0000,212.0000,250.0000,312.0000,192.0000,312.0000
197.0000,215.0000,253.0000,215.0000,253.0000,317.0000,197.0000,317.0000
198.0000,215.0000,252.0000,215.0000,252.0000,320.0000,198.0000,320.0000
204.0000,223.0000,257.0000,223.0000,257.0000,329.0000,204.0000,329.0000
211.0000,226.0000,261.0000,226.0000,261.0000,335.0000,211.0000,335.0000
212.0000,230.0000,263.0000,230.0000,263.0000,339.0000,212.0000,339.0000
214.0082,339.9098,224.2295,227.4754,268.4098,231.4918,258.1885,343.9262
219.0000,229.0000,268.0000,229.0000,268.0000,339.0000,219.0000,339.0000
223.0000,226.0000,273.0000,226.0000,273.0000,333.0000,223.0000,333.0000
231.0000,226.0000,283.0000,226.0000,283.0000,328.0000,231.0000,328.0000
235.5723,325.6813,238.1728,224.2608,292.4448,225.6524,289.8443,327.0729
239.0000,225.0000,292.0000,225.0000,292.0000,329.0000,239.0000,329.0000
245.0000,225.0000,296.0000,225.0000,296.0000,331.0000,245.0000,331.0000
244.4210,332.9491,247.9345,224.0302,302.4262,225.7880,298.9127,334.7069
251.0000,226.0000,306.0000,226.0000,306.0000,335.0000,251.0000,335.0000
257.0000,225.0000,309.0000,225.0000,309.0000,336.0000,257.0000,336.0000
258.7670,226.3212,313.3882,225.4542,315.1491,336.3945,260.5280,337.2615
255.7962,231.2738,310.1922,223.3134,325.9488,330.9832,271.5527,338.9435
258.3925,233.9826,314.1022,224.9136,331.1264,329.4910,275.4167,338.5601
267.9911,231.8673,324.8717,228.0752,331.9868,334.8009,275.1062,338.5930
266.6457,235.2207,326.3398,229.6244,335.8480,331.0455,276.1539,336.6418
281.0000,234.0000,339.0000,234.0000,339.0000,337.0000,281.0000,337.0000
275.1149,237.1225,333.6971,232.4976,341.6917,333.7612,283.1094,338.3861
285.6295,235.4374,341.9547,234.0963,344.3536,334.8488,288.0284,336.1898
277.6041,237.5123,329.0660,230.9146,342.3875,334.8221,290.9256,341.4198
278.8416,235.4158,330.3267,230.2673,340.5842,332.8416,289.0990,337.9901
267.4743,246.7150,312.0584,228.4761,349.9540,321.1097,305.3699,339.3487
266.9299,248.6164,309.9482,228.3022,352.2177,317.8139,309.1993,338.1281
285.0000,233.0000,335.0000,233.0000,335.0000,337.0000,285.0000,337.0000
265.2861,250.7225,307.2426,227.2762,360.3349,322.2835,318.3784,345.7298
266.4098,249.4757,306.6804,226.2689,362.6920,323.4656,322.4214,346.6724
283.0000,232.0000,333.0000,232.0000,333.0000,342.0000,283.0000,342.0000
279.0000,229.0000,330.0000,229.0000,330.0000,339.0000,279.0000,339.0000
256.4016,248.3626,299.0423,222.5198,356.8529,317.9073,314.2122,343.7502
273.5720,228.1518,326.1167,224.8677,332.9533,334.2529,280.4085,337.5370
256.0977,246.7661,298.5321,221.8046,355.4987,318.6478,313.0643,343.6093
269.3197,229.5164,319.4508,224.9590,329.2377,332.6147,279.1065,337.1721
253.5000,242.5000,298.0345,223.4138,339.9828,321.2931,295.4483,340.3793
256.5576,237.6372,304.2673,225.1911,331.2938,328.7929,283.5841,341.2390
267.0000,234.0000,322.0000,234.0000,322.0000,337.0000,267.0000,337.0000
247.4454,245.2658,301.6409,229.5776,329.3553,325.3182,275.1597,341.0064
242.9013,246.2643,298.8280,229.8153,326.0732,322.4490,270.1465,338.8981
244.1264,241.6530,301.1515,230.6158,319.6811,326.3521,262.6560,337.3892
239.1517,242.6573,294.8033,229.8146,316.3763,323.2977,260.7247,336.1404
236.8149,239.9430,289.6800,228.7601,310.0719,325.1579,257.2068,336.3409
225.8308,242.3539,273.4308,225.5539,306.2554,318.5569,258.6554,335.3569
216.9324,246.1925,260.6905,225.1886,302.5734,312.4447,258.8153,333.4486
204.9422,256.6243,244.4520,228.6382,304.2763,313.0959,264.7665,341.0821
196.5751,264.6230,233.0000,231.0000,304.0032,307.9201,267.5783,341.5432
192.5548,262.9662,228.3522,229.6376,300.5300,307.1618,264.7325,340.4905
187.4852,254.8198,229.8658,223.6575,290.3094,305.8608,247.9287,337.0231
195.5796,240.1543,251.2329,231.4971,265.9450,326.0753,210.2917,334.7324
188.5044,241.6588,237.3546,227.9807,263.5994,321.7122,214.7492,335.3902
177.9047,241.8220,222.6233,223.3513,263.2927,321.8139,218.5741,340.2846
171.5956,237.6015,224.1945,219.6409,258.8103,321.0160,206.2115,338.9765
164.2729,237.3527,219.3890,219.7155,251.0639,318.6996,195.9478,336.3367
155.8000,237.4000,205.6000,220.8000,236.9000,314.7000,187.1000,331.3000
162.2867,232.7079,207.2456,225.5405,223.5428,327.7685,178.5840,334.9359
157.2680,234.2736,207.9407,224.6869,227.7807,329.5550,177.1079,339.1417
133.3598,246.6747,177.9446,222.8962,230.8720,322.1349,186.2872,345.9135
121.9294,257.6823,163.4541,223.9435,231.2682,307.4071,189.7435,341.1459
144.4931,227.6404,190.6366,222.2748,203.0806,329.2930,156.9370,334.6585
125.9811,231.4340,173.0000,218.0000,203.9811,326.4340,156.9623,339.8679
119.1000,231.3000,168.6000,214.8000,205.0000,324.0000,155.5000,340.5000
132.1879,222.3799,189.0440,217.8913,197.4845,324.8038,140.6284,329.2925
124.6659,221.2603,182.9215,214.1559,195.9080,320.6454,137.6524,327.7498
123.7343,220.5053,182.2088,215.7896,190.6258,320.1592,132.1512,324.8749
122.2243,221.1500,171.6475,218.4785,177.5368,327.4304,128.1136,330.1019
108.8113,223.6604,151.6792,215.6227,172.6679,327.5623,129.8000,335.6000
99.3604,227.9002,141.0009,212.6981,180.9620,322.1567,139.3215,337.3588
95.8873,230.6751,135.3056,214.1744,181.6682,324.9296,142.2499,341.4303
99.5452,223.2312,142.1830,212.2672,172.4770,330.0774,129.8392,341.0414
99.9250,217.5927,144.6443,209.3549,166.3851,327.3764,121.6658,335.6142
90.4193,219.2717,138.4386,206.3434,170.4552,325.2621,122.4359,338.1903
105.3378,211.2633,165.6956,208.4560,171.0653,323.9040,110.7075,326.7113
104.8217,209.0836,169.1959,207.7961,171.4198,318.9916,107.0456,320.2791
105.0000,318.0000,105.0000,209.0000,173.0000,209.0000,173.0000,318.0000
104.0000,209.0000,175.0000,209.0000,175.0000,318.0000,104.0000,318.0000
91.9890,212.4367,158.6679,200.8403,177.2881,307.9064,110.6092,319.5027
65.1740,233.9631,122.6053,200.2535,178.1142,294.8243,120.6830,328.5339
79.0685,220.8493,135.9452,199.5205,176.5891,307.9041,119.7123,329.2329
94.4256,210.7122,148.4163,201.8773,167.4913,318.4469,113.5006,327.2817
100.0326,204.1893,151.5950,198.5981,164.1678,314.5480,112.6054,320.1392
105.0122,202.1098,155.5000,196.5000,168.4268,312.8415,117.9390,318.4512
105.4356,199.3127,156.8594,193.9400,168.8603,308.8056,117.4365,314.1783
109.3414,196.3655,161.7923,192.0662,170.8900,303.0582,118.4391,307.3575
115.2415,194.2502,171.4796,193.2970,173.2941,300.3510,117.0560,301.3041
118.0000,193.0000,170.0000,193.0000,170.0000,299.0000,118.0000,299.0000
122.0000,194.0000,176.0000,194.0000,176.0000,299.0000,122.0000,299.0000
128.0000,195.0000,181.0000,195.0000,181.0000,302.0000,128.0000,302.0000
120.3511,197.8852,164.9967,188.5840,187.4010,296.1248,142.7554,305.4260
129.4000,196.8000,170.7000,190.9000,186.6600,302.6200,145.3600,308.5200
130.7319,195.9825,171.4028,189.3424,189.9083,302.6884,149.2373,309.3286
128.4934,195.5719,170.2171,185.7929,196.9991,300.0627,155.2754,309.8417
129.9771,192.6525,174.4557,182.1869,201.1836,295.7803,156.7049,306.2459
148.9353,293.9862,150.3661,183.8100,202.2015,184.4831,200.7707,294.6594
150.5019,291.9689,157.3463,182.4592,210.4514,185.7783,203.6070,295.2880
150.1048,290.5942,161.5303,180.9094,214.2911,186.4053,202.8656,296.0901
153.5588,290.7353,161.9235,181.9941,213.0059,185.9235,204.6412,294.6647
155.0156,184.2064,204.4510,180.4754,212.5954,288.3890,163.1600,292.1200
155.5400,185.7800,201.7400,179.1800,217.3600,288.5200,171.1600,295.1200
161.1530,186.0545,208.5217,180.2778,221.8804,289.8195,174.5117,295.5961
168.1920,182.5683,213.4723,177.0238,227.2745,289.7419,181.9942,295.2864
173.9277,178.6460,220.5278,176.6488,225.2567,286.9890,178.6566,288.9861
175.3647,178.6335,220.5432,173.9134,232.2402,285.8704,187.0617,290.5906
177.6338,175.6098,224.4594,171.0040,235.4613,282.8563,188.6356,287.4621
181.6459,172.6673,234.1883,171.0254,237.5932,279.9815,185.0507,281.6234
184.4071,171.2775,240.6036,170.4388,242.2138,278.3252,186.0174,279.1639
188.0000,171.0000,245.0000,171.0000,245.0000,278.0000,188.0000,278.0000
190.1794,172.9464,244.0227,170.4990,248.9216,278.2763,195.0783,280.7237
190.0981,175.2838,240.8398,169.4610,253.0889,276.2029,202.3472,282.0258
190.2837,176.9887,236.1249,168.5689,255.6914,275.0975,209.8501,283.5173
194.3960,173.9604,239.9406,169.4059,250.8614,278.6139,205.3168,283.1683
198.5647,171.3412,242.1529,167.9882,250.6059,277.8765,207.0176,281.2294
192.8098,174.2918,238.8134,166.1299,258.5801,277.5422,212.5765,285.7042
189.6204,175.9714,238.2709,164.4272,264.2682,273.9872,215.6176,285.5314
207.0000,165.0000,264.0000,165.0000,264.0000,271.0000,207.0000,271.0000
207.0000,164.0000,267.0000,164.0000,267.0000,268.0000,207.0000,268.0000
205.0000,163.0000,267.0000,163.0000,267.0000,267.0000,205.0000,267.0000
207.0000,164.0000,270.0000,164.0000,270.0000,266.0000,207.0000,266.0000
206.5458,166.0066,263.8481,162.8810,269.4436,265.4667,212.1414,268.5923
197.0773,172.1245,249.4421,159.6566,274.5064,264.9270,222.1416,277.3948
202.2927,169.3658,249.1415,159.3268,271.6195,264.2244,224.7707,274.2634
207.0172,166.2519,254.5501,159.8068,269.0471,266.7224,221.5143,273.1675
203.7550,173.5858,248.6548,157.8708,284.8552,261.3007,239.9555,277.0156
205.6552,174.1379,248.9310,156.8276,288.8621,256.6552,245.5862,273.9655
209.8271,172.5251,254.9732,158.7304,286.3663,261.4714,241.2202,275.2661
216.8036,162.8922,264.7326,161.0488,268.7666,265.9321,220.8376,267.7755
216.6648,164.8208,261.9769,157.8497,278.4278,264.7803,233.1156,271.7515
223.0000,160.0000,269.0000,160.0000,269.0000,267.0000,223.0000,267.0000
227.0000,270.0000,227.0000,162.0000,271.0000,162.0000,271.0000,270.0000
229.0000,161.0000,273.0000,161.0000,273.0000,270.0000,229.0000,270.0000
230.0000,164.0000,274.0000,164.0000,274.0000,271.0000,230.0000,271.0000
227.4091,269.1021,233.8529,164.3909,278.2079,167.1205,271.7642,271.8316
232.0000,165.0000,279.0000,165.0000,279.0000,269.0000,232.0000,269.0000
233.0000,268.0000,233.0000,165.0000,283.0000,165.0000,283.0000,268.0000
235.0000,164.0000,288.0000,164.0000,288.0000,266.0000,235.0000,266.0000
225.1399,167.6894,283.4505,160.8294,294.7270,256.6792,236.4164,263.5392
237.0000,161.0000,295.0000,161.0000,295.0000,261.0000,237.0000,261.0000
240.0000,162.0000,300.0000,162.0000,300.0000,261.0000,240.0000,261.0000
244.0000,162.0000,306.0000,162.0000,306.0000,259.0000,244.0000,259.0000
236.8141,165.6887,292.4070,156.8443,307.6378,252.5804,252.0448,261.4247
236.7575,168.7621,283.9135,157.4097,307.9034,257.0603,260.7474,268.4127
243.2211,164.0259,289.1407,157.3709,303.8105,258.5927,257.8910,265.2477
251.0000,160.0000,297.0000,160.0000,297.0000,261.0000,251.0000,261.0000
256.0000,158.0000,299.0000,158.0000,299.0000,263.0000,256.0000,263.0000
261.0000,158.0000,302.0000,158.0000,302.0000,261.0000,261.0000,261.0000
263.0000,158.0000,305.0000,158.0000,305.0000,258.0000,263.0000,258.0000
265.0000,160.0000,306.0000,160.0000,306.0000,258.0000,265.0000,258.0000
267.0000,160.0000,308.0000,160.0000,308.0000,256.0000,267.0000,256.0000
271.0000,161.0000,312.0000,161.0000,312.0000,257.0000,271.0000,257.0000
273.0000,162.0000,314.0000,162.0000,314.0000,257.0000,273.0000,257.0000
271.1682,256.4779,277.6505,159.2434,318.6017,161.9735,312.1194,259.2080
267.9756,255.2195,278.8902,156.9878,321.1463,161.6830,310.2317,259.9147
270.3837,255.9656,272.3982,161.2851,318.9303,162.2751,316.9158,256.9557
268.0000,160.0000,320.0000,160.0000,320.0000,254.0000,268.0000,254.0000
266.0000,160.0000,323.0000,160.0000,323.0000,253.0000,266.0000,253.0000
265.0000,158.0000,328.0000,158.0000,328.0000,250.0000,265.0000,250.0000
265.0000,157.0000,332.0000,157.0000,332.0000,250.0000,265.0000,250.0000
264.5618,158.5144,334.7759,157.4342,336.2153,250.9967,266.0012,252.0769
265.5099,157.5915,336.6068,156.4066,338.1833,250.9970,267.0863,252.1819
271.0000,155.0000,337.0000,155.0000,337.0000,252.0000,271.0000,252.0000
274.5442,155.3762,332.5920,154.4832,334.1225,253.9673,276.0747,254.8604
274.3828,153.5069,324.3276,150.5690,330.4518,254.6793,280.5069,257.6172
274.3603,150.9468,314.6518,147.6287,323.3888,253.7209,283.0973,257.0390
276.4401,148.4424,315.6799,147.6729,317.7440,252.9462,278.5042,253.7156
276.3287,150.2458,314.0663,148.2597,319.5967,253.3370,281.8591,255.3232
275.6969,149.8680,313.1526,146.2433,323.1114,249.1505,285.6557,252.7753
279.0000,150.0000,318.0000,150.0000,318.0000,251.0000,279.0000,251.0000
278.0000,150.0000,317.0000,150.0000,317.0000,248.0000,278.0000,248.0000
276.7057,248.9479,278.9458,150.3851,317.8348,151.2690,315.5948,249.8317
270.4149,250.3887,283.8646,149.5153,320.0219,154.3363,306.5721,255.2096
272.1666,251.8900,278.0949,153.0857,317.3735,155.4424,311.4452,254.2467
275.7648,249.9954,277.6599,153.3463,316.8017,154.1138,314.9066,250.7629
272.2512,154.7928,314.4453,153.5873,317.1958,249.8516,275.0016,251.0571
267.2317,157.8382,313.8192,154.0352,321.6008,249.3591,275.0133,253.1622
271.0000,155.0000,323.0000,155.0000,323.0000,253.0000,271.0000,253.0000
271.3824,254.9706,276.2738,152.2511,327.2059,154.6765,322.3145,257.3959
271.1506,255.9191,281.2405,149.9753,329.6113,154.5820,319.5214,260.5258
273.5594,255.3232,294.8241,147.2277,336.9322,155.5113,315.6675,263.6068
276.6715,255.8467,289.2146,147.1402,331.3460,152.0015,318.8029,260.7081
279.6235,255.8941,288.0882,145.8530,323.5706,148.5824,315.1059,258.6235
277.6724,256.7850,290.7781,145.3857,324.3720,149.3379,311.2662,260.7372
277.3885,256.3550,291.4015,148.9219,326.1580,153.4554,312.1450,260.8885
275.3938,257.4618,291.5084,149.4938,326.4173,154.7041,310.3027,262.6721
274.7807,257.4379,293.4968,150.2455,330.0029,156.6195,311.2868,263.8120
272.4684,259.8687,281.5802,153.5640,323.5575,157.1621,314.4457,263.4668
272.0000,158.0000,318.0000,158.0000,318.0000,261.0000,272.0000,261.0000
266.7432,163.5113,318.9504,161.2081,323.3588,261.1312,271.1516,263.4345
264.6352,164.8024,318.0099,160.7993,325.4195,259.5935,272.0447,263.5966
273.0000,162.0000,327.0000,162.0000,327.0000,263.0000,273.0000,263.0000
274.8005,263.9760,276.8733,160.3375,330.7717,161.4154,328.6989,265.0540
275.5535,264.9409,279.7680,161.6844,332.5168,163.8374,328.3023,267.0940
275.7589,266.9085,279.9717,163.6927,332.4761,165.8357,328.2632,269.0515
275.8916,266.9617,277.7928,162.3962,326.7039,163.2855,324.8027,267.8510
277.0000,162.0000,324.0000,162.0000,324.0000,268.0000,277.0000,268.0000
278.0000,162.0000,318.0000,162.0000,318.0000,268.0000,278.0000,268.0000
277.0000,164.0000,313.0000,164.0000,313.0000,270.0000,277.0000,270.0000
276.8733,272.8528,278.6369,163.5103,313.1118,164.0663,311.3482,273.4089
274.9198,273.7658,278.1581,162.0481,312.2019,163.0349,308.9637,274.7526
276.0840,165.3638,309.9753,164.7120,312.1102,275.7286,278.2189,276.3804
277.9282,276.8813,279.5650,165.5818,314.8368,166.1006,313.2000,277.4000
275.6790,278.7516,279.0371,166.2549,315.6911,167.3490,312.3330,279.8458
274.0000,170.0000,314.0000,170.0000,314.0000,281.0000,274.0000,281.0000
271.0000,170.0000,312.0000,170.0000,312.0000,282.0000,271.0000,282.0000
270.0000,169.0000,311.0000,169.0000,311.0000,282.0000,270.0000,282.0000
269.0000,171.0000,310.0000,171.0000,310.0000,284.0000,269.0000,284.0000
267.0000,171.0000,308.0000,171.0000,308.0000,284.0000,267.0000,284.0000
267.0000,172.0000,305.0000,172.0000,305.0000,286.0000,267.0000,286.0000
264.0083,172.1575,299.5414,170.2873,305.5912,285.2320,270.0580,287.1022
265.5982,170.3143,298.7681,169.6374,301.1190,284.8343,267.9492,285.5112
264.0000,167.0000,296.0000,167.0000,296.0000,284.0000,264.0000,284.0000
259.5213,284.6256,263.0434,167.2213,295.4442,168.1934,291.9221,285.5977
255.8210,284.6347,259.3740,166.2013,293.5033,167.2251,289.9503,285.6585
252.3676,284.3746,258.2390,165.7742,291.8200,167.4366,285.9487,286.0370
249.1328,287.0089,257.1637,166.5442,288.9557,168.6637,280.9248,289.1284
249.3856,291.5175,254.9567,168.9526,286.7546,170.3979,281.1835,292.9629
249.2720,291.7616,251.9679,170.4437,284.3741,171.1639,281.6782,292.4817
248.0000,173.0000,283.0000,173.0000,283.0000,293.0000,248.0000,293.0000
244.8257,291.9814,246.7066,173.4874,281.9993,174.0476,280.1184,292.5416
243.0000,295.0000,243.0000,177.0000,280.0000,177.0000,280.0000,295.0000
239.7711,295.9635,241.6797,179.5357,279.0631,180.1486,277.1545,296.5763
236.7420,296.9958,238.6037,181.5743,277.9483,182.2089,276.0866,297.6304
233.7911,298.9969,235.4844,185.5446,276.8483,186.1619,275.1550,299.6143
230.0000,184.0000,274.0000,184.0000,274.0000,296.0000,230.0000,296.0000
225.1165,186.9351,271.7097,184.8488,276.6758,295.7608,230.0827,297.8470
222.2828,187.9307,270.8079,185.8511,275.6064,297.8168,227.0813,299.8965
218.6235,189.3059,266.3452,184.7917,276.9839,297.2583,229.2623,301.7725
215.1463,187.4657,261.7232,180.7243,278.0880,293.7899,231.5111,300.5313
211.3777,186.6758,256.7617,178.5299,277.1955,292.3752,231.8114,300.5210
208.2216,184.8063,253.4319,176.6917,274.3382,293.1700,229.1280,301.2847
206.8306,182.8484,251.6554,176.2565,269.1024,294.8967,224.2777,301.4886
206.3051,181.3109,251.9664,176.0423,265.9022,296.8190,220.2409,302.0876
204.1616,180.6045,249.1444,175.3467,263.3812,297.1502,218.3983,302.4080
205.5580,178.6022,250.9586,176.2127,257.5718,301.8647,212.1713,304.2542
208.0000,180.0000,253.0000,180.0000,253.0000,307.0000,208.0000,307.0000
202.5505,182.3425,249.5790,181.7956,251.0531,308.5692,204.0246,309.1160
200.8085,309.9471,203.8615,183.2497,250.0515,184.3627,246.9986,311.0602
199.0000,186.0000,248.0000,186.0000,248.0000,310.0000,199.0000,310.0000
195.7298,309.9439,198.8085,185.2545,247.0507,186.4457,243.9720,311.1351
194.0000,187.0000,245.0000,187.0000,245.0000,310.0000,194.0000,310.0000
192.0000,189.0000,244.0000,189.0000,244.0000,310.0000,192.0000,310.0000
188.8204,189.9707,241.0038,188.1070,245.2357,306.5987,193.0522,308.4624
183.4625,190.6840,234.8773,186.3083,244.8746,303.7766,193.4597,308.1523
175.8199,195.9955,229.1754,184.0503,254.1415,295.5654,200.7859,307.5106
178.7522,189.2832,233.0443,185.6637,240.8717,303.0752,186.5797,306.6947
178.9638,186.5240,231.7535,184.1603,237.0285,301.9689,184.2388,304.3326
181.3922,184.3701,231.6843,183.7414,233.1620,301.9604,182.8699,302.5891
182.0000,183.0000,231.0000,183.0000,231.0000,303.0000,182.0000,303.0000
181.0000,182.0000,231.0000,182.0000,231.0000,305.0000,181.0000,305.0000
181.2400,183.7006,229.3970,180.9487,236.4760,304.8300,188.3189,307.5818
178.3470,183.5118,227.8235,179.7059,237.4000,304.2000,187.9235,308.0059
178.3360,186.7997,226.8770,180.9748,241.7398,304.8312,193.1988,310.6562
179.4616,187.6923,226.2308,181.8462,241.7539,306.0308,194.9846,311.8769
178.7090,190.3936,226.9242,183.1614,245.3276,305.8509,197.1125,313.0831
174.5805,192.3756,223.6829,181.8537,249.3951,301.8439,200.2926,312.3658
187.0000,185.0000,236.0000,185.0000,236.0000,308.0000,187.0000,308.0000
187.0000,184.0000,236.0000,184.0000,236.0000,307.0000,187.0000,307.0000
183.0000,183.0000,235.0000,183.0000,235.0000,305.0000,183.0000,305.0000
182.0000,181.0000,235.0000,181.0000,235.0000,304.0000,182.0000,304.0000
182.0350,301.2289,187.6392,177.9381,237.2186,180.1917,231.6144,303.4825
179.0000,177.0000,233.0000,177.0000,233.0000,302.0000,179.0000,302.0000
174.0624,186.4974,231.5043,184.1040,236.4056,301.7331,178.9636,304.1265
174.0978,185.7939,234.2972,184.5654,236.6723,300.9454,176.4729,302.1740
175.0000,189.0000,238.0000,189.0000,238.0000,303.0000,175.0000,303.0000
177.0000,187.0000,240.0000,187.0000,240.0000,303.0000,177.0000,303.0000
183.0000,187.0000,241.0000,187.0000,241.0000,306.0000,183.0000,306.0000
185.0000,187.0000,242.0000,187.0000,242.0000,311.0000,185.0000,311.0000
184.1639,310.7551,188.1844,182.0995,240.1337,183.7229,236.1132,312.3785
181.7240,181.2036,230.4706,178.8824,236.5928,307.4480,187.8462,309.7692
180.0000,179.0000,229.0000,179.0000,229.0000,309.0000,180.0000,309.0000
183.0000,178.0000,230.0000,178.0000,230.0000,308.0000,183.0000,308.0000
181.9380,179.7044,227.3102,178.4781,230.8431,309.1934,185.4708,310.4197
180.6693,179.7657,227.4460,178.5015,230.9577,308.4336,184.1810,309.6978
179.3548,183.4177,225.9246,181.0295,232.5305,309.8446,185.9607,312.2328
178.5113,184.2495,226.1856,182.0825,232.0103,310.2268,184.3361,312.3938
179.0000,184.0000,228.0000,184.0000,228.0000,314.0000,179.0000,314.0000
176.7439,315.9560,178.5204,184.4935,228.2005,185.1649,226.4240,316.6273
172.6790,318.9417,178.5269,186.3909,229.6773,188.6476,223.8295,321.1984
171.0000,189.0000,225.0000,189.0000,225.0000,321.0000,171.0000,321.0000
167.6594,321.9399,173.6301,188.5953,228.8924,191.0698,222.9217,324.4144
164.0000,191.0000,224.0000,191.0000,224.0000,322.0000,164.0000,322.0000
158.8197,323.9836,160.6613,191.3842,222.3439,192.2409,220.5022,324.8403
156.0000,193.0000,220.0000,193.0000,220.0000,325.0000,156.0000,325.0000
149.9754,193.2008,214.0839,191.2282,218.1582,323.6413,154.0497,325.6139
144.4407,197.7498,207.1187,193.5005,216.0395,325.0821,153.3615,329.3314
139.7014,198.6630,200.6575,192.2466,214.4164,322.9562,153.4603,329.3726
138.5470,197.1118,197.8118,192.5529,207.9588,324.4647,148.6941,329.0235
142.7115,195.6203,197.9603,194.6759,200.2829,330.5508,145.0341,331.4951
141.4685,329.6200,144.5669,194.8406,197.0219,196.0465,193.9235,330.8259
140.2741,328.0857,148.1666,192.3353,197.2217,195.1873,189.3292,330.9377
136.3171,328.3233,148.5423,192.0999,195.6882,196.3310,183.4631,332.5544
134.3909,329.1555,150.8954,192.1681,193.5652,197.3091,177.0607,334.2965
135.9857,329.6395,150.0182,192.8224,189.6526,196.8875,175.6200,333.7046
134.2105,329.4681,145.0147,193.8153,187.4183,197.1926,176.6141,332.8454
131.5884,330.9389,139.1842,196.7463,184.3414,199.3024,176.7456,333.4950
129.0538,331.0202,133.9089,197.5058,181.7910,199.2469,176.9360,332.7613
126.2947,331.9793,130.2135,198.7416,180.8755,200.2317,176.9568,333.4693
125.0000,202.0000,179.0000,202.0000,179.0000,334.0000,125.0000,334.0000
122.0000,202.0000,179.0000,202.0000,179.0000,334.0000,122.0000,334.0000
120.0000,203.0000,179.0000,203.0000,179.0000,335.0000,120.0000,335.0000
119.0000,204.0000,179.0000,204.0000,179.0000,336.0000,119.0000,336.0000
118.0000,205.0000,179.0000,205.0000,179.0000,337.0000,118.0000,337.0000
120.0000,204.0000,180.0000,204.0000,180.0000,337.0000,120.0000,337.0000
120.0000,204.0000,179.0000,204.0000,179.0000,337.0000,120.0000,337.0000
119.0000,336.0000,119.0000,204.0000,178.0000,204.0000,178.0000,336.0000
121.0000,203.0000,178.0000,203.0000,178.0000,336.0000,121.0000,336.0000
119.2333,204.7341,175.4024,203.5130,178.2806,335.9069,122.1115,337.1280
122.0000,203.0000,175.0000,203.0000,175.0000,336.0000,122.0000,336.0000
123.0000,204.0000,175.0000,204.0000,175.0000,337.0000,123.0000,337.0000
124.0000,204.0000,172.0000,204.0000,172.0000,337.0000,124.0000,337.0000
125.9274,336.9603,130.8945,202.8479,175.8329,204.5123,170.8657,338.6247
125.9608,336.9592,128.6341,203.2927,174.4958,204.2099,171.8225,337.8764
127.9060,337.9793,130.4270,204.3665,174.3548,205.1953,171.8338,338.8082
129.9652,337.9819,132.2908,205.4262,176.2597,206.1976,173.9342,338.7533
132.0000,208.0000,176.0000,208.0000,176.0000,339.0000,132.0000,339.0000
133.0000,208.0000,177.0000,208.0000,177.0000,340.0000,133.0000,340.0000
134.8113,338.8683,137.6086,207.3959,179.5258,208.2878,176.7285,339.7602
136.8636,338.9115,139.1126,208.4674,181.2208,209.1935,178.9718,339.6375
136.8470,337.8767,139.0612,209.4493,181.1866,210.1756,178.9724,338.6030
138.6960,336.8171,143.1033,209.0036,184.4335,210.4287,180.0261,338.2423
138.4633,337.7846,142.1109,210.1174,183.9054,211.3116,180.2578,338.9788
139.2231,337.2009,144.0813,210.8878,185.4431,212.4786,180.5849,338.7917
137.9955,336.6744,145.6090,210.2897,187.6853,212.8244,180.0717,339.2091
139.9390,336.1101,145.2784,209.7442,188.5955,211.5745,183.2560,337.9404
137.7883,336.4779,146.0709,210.1686,189.1317,212.9923,180.8491,339.3016
138.4332,337.2860,146.5699,211.1658,190.9337,214.0280,182.7969,340.1482
138.7092,336.3307,146.7092,210.3307,191.7972,213.1935,183.7972,339.1935
138.3865,336.0978,142.6970,208.9389,187.2221,210.4482,182.9116,337.6071
139.0000,211.0000,185.0000,211.0000,185.0000,338.0000,139.0000,338.0000
138.0000,212.0000,184.0000,212.0000,184.0000,338.0000,138.0000,338.0000
138.0000,212.0000,185.0000,212.0000,185.0000,339.0000,138.0000,339.0000
139.0000,210.0000,185.0000,210.0000,185.0000,338.0000,139.0000,338.0000
138.0000,212.0000,186.0000,212.0000,186.0000,339.0000,138.0000,339.0000
138.0000,212.0000,185.0000,212.0000,185.0000,340.0000,138.0000,340.0000
137.0000,210.0000,185.0000,210.0000,185.0000,339.0000,137.0000,339.0000
137.0000,211.0000,184.0000,211.0000,184.0000,339.0000,137.0000,339.0000
138.0000,209.0000,182.0000,209.0000,182.0000,338.0000,138.0000,338.0000
135.8132,209.3542,177.8354,208.6169,180.1388,339.9099,138.1166,340.6471
135.5556,210.7798,173.5781,209.3972,178.3579,340.8416,140.3354,342.2242
134.4917,210.7346,173.1103,209.5278,177.2166,340.9307,138.5981,342.1376
135.2941,340.7635,136.6703,208.6528,174.3641,209.0455,172.9880,341.1561
135.3320,341.7908,136.7587,207.6783,175.4033,208.0894,173.9766,342.2019
136.0000,208.0000,174.0000,208.0000,174.0000,343.0000,136.0000,343.0000
133.4025,341.7622,134.8346,205.7141,174.4091,206.1306,172.9771,342.1787
137.3548,343.8074,138.6985,206.7520,176.3224,207.1208,174.9787,344.1763
135.3732,342.7977,136.7849,205.8638,176.3992,206.2722,174.9876,343.2061
137.0000,206.0000,176.0000,206.0000,176.0000,344.0000,137.0000,344.0000
138.0000,344.0000,138.0000,205.0000,176.0000,205.0000,176.0000,344.0000
140.0000,207.0000,178.0000,207.0000,178.0000,345.0000,140.0000,345.0000
142.0000,208.0000,180.0000,208.0000,180.0000,346.0000,142.0000,346.0000
141.0181,346.3829,145.1097,207.2679,184.0173,208.4123,179.9257,347.5272
143.0000,209.0000,184.0000,209.0000,184.0000,346.0000,143.0000,346.0000
139.1258,345.7676,146.8545,208.5833,188.5531,210.9326,180.8244,348.1169
139.2486,344.4201,148.6362,209.2387,190.2273,212.1269,180.8397,347.3083
146.0000,213.0000,188.0000,213.0000,188.0000,346.0000,146.0000,346.0000
140.2258,342.1781,150.8617,209.2289,191.4420,212.4754,180.8061,345.4245
141.1726,343.4116,150.0266,210.6018,190.6460,213.3098,181.7921,346.1195
141.6105,343.3688,152.1733,211.3339,192.4356,214.5549,181.8728,346.5898
144.1462,345.1979,149.2334,212.9321,188.9823,214.4609,183.8951,346.7267
142.1526,345.0922,152.7154,213.0573,194.3688,216.3895,183.8060,348.4245
150.0000,215.0000,191.0000,215.0000,191.0000,346.0000,150.0000,346.0000
144.2257,346.6151,152.9779,215.3319,193.5973,218.0398,184.8451,349.3231
150.0000,218.0000,191.0000,218.0000,191.0000,349.0000,150.0000,349.0000
146.4443,348.7808,153.5397,217.5157,194.9323,219.7531,187.8369,351.0182
145.4740,349.5110,153.7089,219.3993,195.9700,222.0740,187.7351,352.1858
144.0439,349.3591,152.8989,220.0752,197.5525,223.1337,188.6974,352.4176
144.0340,348.6029,155.0057,220.6005,200.5851,224.5073,189.6134,352.5097
143.6381,346.4371,156.0195,219.0853,200.0203,223.3631,187.6388,350.7149
145.4873,347.1776,154.6497,218.9035,197.8579,221.9898,188.6954,350.2639
144.6869,346.2291,157.7933,217.0370,201.6320,221.4844,188.5256,350.6765
142.9212,345.5941,157.1411,215.8374,201.9455,220.7475,187.7256,350.5042
151.0000,220.0000,200.0000,220.0000,200.0000,349.0000,151.0000,349.0000
149.4480,348.1799,154.1525,218.8055,200.2371,220.4813,195.5325,349.8557
144.0545,345.5439,159.2023,218.6809,204.7911,224.1243,189.6433,350.9873
146.7206,347.4311,154.3219,220.1088,200.4113,222.8604,192.8100,350.1827
145.5235,347.2555,153.5435,220.9393,201.8093,224.0038,193.7892,350.3199
143.5004,348.8689,151.7049,223.7511,204.0535,227.1838,195.8491,352.3016
143.8653,349.3152,150.1644,225.4321,204.1943,228.1793,197.8951,352.0624
143.6593,349.4444,145.6945,227.3283,201.0125,228.2502,198.9772,350.3663
143.0000,225.0000,199.0000,225.0000,199.0000,347.0000,143.0000,347.0000
144.0000,223.0000,200.0000,223.0000,200.0000,345.0000,144.0000,345.0000
145.0000,223.0000,200.0000,223.0000,200.0000,344.0000,145.0000,344.0000
143.5248,222.4088,197.4638,221.7083,199.0518,343.9864,145.1129,344.6869
147.0000,218.0000,199.0000,218.0000,199.0000,343.0000,147.0000,343.0000
145.5410,218.3593,197.4967,217.7256,199.0119,341.9755,147.0562,342.6091
147.0000,218.0000,198.0000,218.0000,198.0000,342.0000,147.0000,342.0000
148.0000,341.0000,148.0000,216.0000,198.0000,216.0000,198.0000,341.0000
147.3962,340.9070,151.9350,213.8191,201.4433,215.5873,196.9045,342.6752
147.8050,342.3359,150.2032,215.2302,201.3548,216.1954,198.9566,343.3010
150.0000,216.0000,202.0000,216.0000,202.0000,344.0000,150.0000,344.0000
147.0000,215.0000,204.0000,215.0000,204.0000,343.0000,147.0000,343.0000
149.5097,342.8443,157.5059,214.9066,209.8638,218.1790,201.8677,346.1167
148.0000,218.0000,207.0000,218.0000,207.0000,345.0000,148.0000,345.0000
149.2539,217.5181,209.1688,216.6497,211.0401,345.7675,151.1252,346.6359
147.0000,217.0000,209.0000,217.0000,209.0000,345.0000,147.0000,345.0000
150.0000,217.0000,212.0000,217.0000,212.0000,346.0000,150.0000,346.0000
151.0000,217.0000,212.0000,217.0000,212.0000,346.0000,151.0000,346.0000
149.0000,218.0000,212.0000,218.0000,212.0000,347.0000,149.0000,347.0000
150.0000,219.0000,214.0000,219.0000,214.0000,347.0000,150.0000,347.0000
152.0000,217.0000,213.0000,217.0000,213.0000,347.0000,152.0000,347.0000
145.9878,343.1098,160.4634,212.8293,220.8293,219.5366,206.3536,349.8171
153.4520,344.7945,163.9664,214.4166,219.0116,218.8558,208.4973,349.2336
153.1472,344.6702,165.9074,214.9417,219.1789,220.1815,206.4187,349.9100
154.3902,344.0284,169.1923,215.0385,221.1151,220.9969,206.3130,349.9868
155.3658,343.7073,169.6707,214.9634,220.8171,220.6463,206.5122,349.3902
155.6707,343.9634,169.9268,215.6586,220.8537,221.3171,206.5976,349.6219
157.2943,343.5947,171.3737,214.8690,221.7399,220.3778,207.6605,349.1035
158.3465,344.5347,171.2178,215.8218,221.4158,220.8416,208.5446,349.5545
159.4653,344.6031,172.1376,215.7676,222.3242,220.7040,209.6519,349.5395
159.5655,346.2138,170.2552,217.9379,221.3173,222.1931,210.6276,350.4690
161.1188,345.8119,173.8416,218.5842,223.1485,223.5148,210.4258,350.7426
162.2249,345.4684,176.8173,218.3069,226.0056,223.9515,211.4133,351.1130
166.1129,345.7466,181.0874,217.3936,228.1305,222.8819,213.1559,351.2349
168.1400,344.0200,186.4000,216.2000,230.6400,222.5200,212.3800,350.3400
169.5616,344.9622,189.7410,217.8319,234.5331,224.9418,214.3536,352.0720
174.9921,346.7824,189.9320,218.7254,235.2321,224.0104,220.2921,352.0674
177.1142,346.3391,189.7259,218.1206,235.1390,222.5874,222.5273,350.8059
181.3736,346.0234,189.4280,217.1518,235.9961,220.0623,227.9417,348.9339
185.2288,346.5095,190.5927,217.7747,235.7227,219.6551,230.3587,348.3899
191.0000,218.0000,236.0000,218.0000,236.0000,347.0000,191.0000,347.0000
187.4572,221.2430,232.0542,217.4743,242.8015,344.6506,198.2045,348.4193
188.5340,222.1520,233.1310,218.3833,243.8015,344.6506,199.2045,348.4193
194.0000,221.0000,238.0000,221.0000,238.0000,347.0000,194.0000,347.0000
195.0000,219.0000,240.0000,219.0000,240.0000,345.0000,195.0000,345.0000
192.2233,221.1269,236.8528,217.9391,245.7868,343.0153,201.1573,346.2031
193.1450,220.8011,237.6937,217.5729,246.7095,341.9920,202.1609,345.2202
191.9156,222.2766,237.7583,216.9282,252.2878,341.4664,206.4451,346.8148
202.0000,216.0000,245.0000,216.0000,245.0000,343.0000,202.0000,343.0000
202.8271,215.7270,243.7503,214.3853,247.9796,343.3777,207.0564,344.7195
208.0000,215.0000,247.0000,215.0000,247.0000,343.0000,208.0000,343.0000
206.8646,342.9264,211.3076,214.0796,252.7756,215.5095,248.3326,344.3563
209.0000,215.0000,252.0000,215.0000,252.0000,343.0000,209.0000,343.0000
210.0000,215.0000,255.0000,215.0000,255.0000,342.0000,210.0000,342.0000
210.0000,218.0000,258.0000,218.0000,258.0000,343.0000,210.0000,343.0000
212.0000,220.0000,263.0000,220.0000,263.0000,342.0000,212.0000,342.0000
215.0000,220.0000,270.0000,220.0000,270.0000,341.0000,215.0000,341.0000
219.0000,223.0000,276.0000,223.0000,276.0000,342.0000,219.0000,342.0000
220.0000,226.0000,282.0000,226.0000,282.0000,341.0000,220.0000,341.0000
222.0000,226.0000,286.0000,226.0000,286.0000,340.0000,222.0000,340.0000
219.2592,228.5897,288.5548,227.5070,290.2966,338.9797,221.0010,340.0625
220.3022,229.6415,292.5467,228.5300,294.2610,339.9652,222.0166,341.0767
222.8755,340.9766,225.2529,226.8594,300.2828,228.4225,297.9054,342.5397
226.4351,340.9479,230.3263,224.2109,305.6759,226.7225,301.7847,343.4595
232.7110,340.8513,240.3991,222.4545,312.3296,227.1253,304.6414,345.5222
237.7961,342.2625,259.8206,216.7229,326.9134,228.4936,304.8889,354.0331
241.9032,341.7991,267.0040,214.3644,332.5956,227.2840,307.4948,354.7187
245.1124,336.1654,291.2368,207.8194,346.0623,227.5224,299.9379,355.8683
259.1761,330.1948,288.2590,197.2442,344.4753,209.5415,315.3923,342.4921
256.1388,330.0360,289.5463,201.1787,352.0488,217.3831,318.6414,346.2404
282.0000,207.0000,348.0000,207.0000,348.0000,338.0000,282.0000,338.0000
295.3415,337.9268,309.6951,208.7439,357.9878,214.1097,343.6341,343.2927
267.8452,324.4763,316.0593,206.2742,369.2491,227.9700,321.0351,346.1722
279.3222,325.6050,322.8420,210.8711,375.4460,230.8243,331.9262,345.5582
309.0000,219.0000,369.0000,219.0000,369.0000,336.0000,309.0000,336.0000
318.7409,334.9548,321.0523,219.3811,373.9912,220.4398,371.6797,336.0136
320.7719,334.1785,339.0498,217.8650,386.2276,225.2786,367.9498,341.5921
328.0000,221.0000,386.0000,221.0000,386.0000,332.0000,328.0000,332.0000
336.6298,323.9932,338.5663,219.4179,399.6935,220.5499,397.7570,325.1251
348.0000,208.0000,412.0000,208.0000,412.0000,316.0000,348.0000,316.0000
363.0000,195.0000,425.0000,195.0000,425.0000,309.0000,363.0000,309.0000
365.0000,198.0000,424.0000,198.0000,424.0000,316.0000,365.0000,316.0000
358.5084,199.8741,413.3906,193.6374,427.5517,318.2555,372.6695,324.4921
355.6213,197.8554,410.7820,187.4196,434.5663,313.1361,379.4055,323.5719
375.4220,198.0832,438.7110,196.0416,442.6331,317.6247,379.3441,319.6663
381.0000,203.0000,450.0000,203.0000,450.0000,322.0000,381.0000,322.0000
383.0000,205.0000,454.0000,205.0000,454.0000,321.0000,383.0000,321.0000
402.8529,325.9117,410.7765,222.9059,469.8882,227.4529,461.9647,330.4588
404.7440,334.7301,407.6568,224.0436,476.7405,225.8616,473.8277,336.5481
393.6997,232.3371,448.8554,220.7722,472.5100,333.5865,417.3543,345.1515
412.9865,331.9049,419.4124,218.3819,474.9890,221.5277,468.5632,335.0508
396.9030,241.1010,447.5840,214.4934,498.0005,310.5248,447.3194,337.1323
399.2385,234.4998,446.1447,212.1127,494.3732,313.1628,447.4670,335.5498
397.5739,227.1775,444.4378,207.6509,489.2603,315.2249,442.3965,334.7515
408.0000,210.0000,460.0000,210.0000,460.0000,330.0000,408.0000,330.0000
404.0000,204.0000,457.0000,204.0000,457.0000,325.0000,404.0000,325.0000
400.4598,202.1154,453.0784,199.7237,458.5114,319.2495,405.8928,321.6412
384.8082,214.8459,430.6185,196.8222,474.5022,308.3598,428.6919,326.3835
397.3120,199.6085,449.8548,198.0631,453.3371,316.4607,400.7943,318.0060
392.8842,197.3576,445.6489,194.5055,452.0524,312.9701,399.2877,315.8223
377.6570,206.6873,422.9260,190.4368,462.2760,300.0547,417.0070,316.3052
373.6234,205.6209,423.7043,185.7775,466.0081,292.5440,415.9271,312.3874
372.1187,200.8882,420.0743,184.0616,459.1481,295.4218,411.1924,312.2483
370.7000,197.1000,417.8000,181.4000,454.7000,292.1000,407.6001,307.8000
369.3530,190.4118,415.2354,178.9412,444.3530,295.4118,398.4706,306.8824
371.2910,185.6064,417.3546,178.6968,435.3179,298.4523,389.2543,305.3619
369.5488,183.9390,412.6829,179.1463,425.8171,297.3536,382.6829,302.1464
366.0695,182.8007,409.2640,179.8011,417.4556,297.7600,374.2611,300.7596
365.9400,182.5380,409.7919,181.4685,412.6331,297.9601,368.7812,299.0297
360.5367,182.7110,406.2523,181.3257,409.7550,296.9165,364.0395,298.3018
357.4312,183.7990,403.1053,182.3717,406.7151,297.8839,361.0410,299.3112
355.7403,185.3791,399.6202,184.6935,401.3979,298.4625,357.5180,299.1481
353.0000,182.0000,399.0000,182.0000,399.0000,297.0000,353.0000,297.0000
350.8721,293.9636,354.5197,180.8877,399.2151,182.3295,395.5676,295.4054
345.1335,292.7626,350.6208,180.2742,399.3342,182.6505,393.8469,295.1389
344.7140,289.8631,349.3483,178.6395,398.9705,180.7071,394.3362,291.9306
343.3377,286.9147,348.9587,177.3056,400.6433,179.9561,395.0223,289.5652
341.9310,283.8276,350.9793,175.2483,402.3724,179.5311,393.3242,288.1104
343.0000,175.0000,397.0000,175.0000,397.0000,284.0000,343.0000,284.0000
334.7505,277.4349,353.4000,170.2000,404.8440,179.1468,386.1945,286.3817
330.1573,273.6517,354.5112,168.1180,403.0786,179.3258,378.7247,284.8596
330.7706,272.4390,350.2533,167.2321,396.8051,175.8528,377.3223,281.0597
332.1168,271.6135,349.0363,167.2762,395.2007,174.7623,378.2812,279.0996
331.6577,271.9487,347.3765,167.1565,393.5379,174.0807,377.8191,278.8729
333.5675,274.4457,344.9715,168.5508,392.6950,173.6902,381.2909,279.5852
338.2403,275.4337,343.8204,169.4116,392.2127,171.9585,386.6326,277.9807
338.4926,276.7422,341.6972,170.9908,391.0459,172.4862,387.8413,278.2376
341.9236,276.8894,343.5551,172.4774,391.5277,173.2270,389.8963,277.6390
342.8133,274.9502,344.4289,171.5536,389.5741,172.2590,387.9585,275.6556
341.7843,276.5135,343.5609,173.4752,388.6509,174.2526,386.8743,277.2910
342.4069,274.6648,347.5507,173.5026,389.0536,175.6129,383.9097,276.7751
342.1858,274.8059,349.2012,173.0828,391.2426,175.9822,384.2273,277.7053
339.1505,274.7434,345.8849,173.7257,390.4868,176.6991,383.7523,277.7168
338.4140,276.7207,343.4937,175.1247,387.8329,177.3416,382.7531,278.9376
337.2041,275.6730,344.1034,174.4843,384.8684,177.2637,377.9691,278.4525
335.3200,277.4238,341.4307,174.7637,382.8198,177.2274,376.7091,279.8875
333.8000,277.4000,339.8414,174.6966,381.7552,177.1621,375.7138,279.8655
334.1674,278.3230,340.6459,174.6654,380.9261,177.1829,374.4475,280.8405
330.2143,278.1118,338.8002,173.8542,379.8863,177.2377,371.3004,281.4953
330.9757,280.0098,339.6299,174.9225,379.8864,178.2377,371.2321,283.3250
329.0873,279.3559,337.6594,174.0420,378.8631,177.3958,370.2910,282.7097
329.3015,279.4297,337.0915,174.2660,378.0887,177.3029,370.2988,282.4666
327.6826,280.2900,336.6794,174.8994,377.1648,178.3555,368.1681,283.7461
327.6852,281.4061,335.1878,176.3705,375.9086,179.2792,368.4061,284.3147
328.5019,284.4566,333.1019,178.6566,373.5038,180.4132,368.9038,286.2132
330.0000,182.0000,370.0000,182.0000,370.0000,286.0000,330.0000,286.0000
327.4726,285.8045,330.2156,180.2004,369.3580,181.2171,366.6150,286.8212
327.3107,283.8142,330.2190,179.1172,368.5228,180.1812,365.6145,284.8782
326.2756,282.7694,329.3978,178.1761,367.7368,179.3205,364.6146,283.9139
325.1741,282.8621,326.7887,179.5280,366.4040,180.1470,364.7894,283.4811
322.0641,281.8318,323.6557,178.3793,365.3843,179.0213,363.7927,282.4737
318.6214,282.5911,321.1056,177.0142,365.2105,178.0520,362.7264,283.6288
315.9720,281.4877,319.5845,175.5199,366.3370,177.1137,362.7245,283.0815
313.3089,281.2224,318.0210,174.0229,366.3452,176.1470,361.6331,283.3465
310.4047,280.5253,317.2024,171.7627,365.4514,174.7782,358.6537,283.5409
310.1479,280.6342,316.9222,172.2451,365.5448,175.2841,358.7705,283.6732
307.8060,279.0048,317.1043,170.9122,365.1146,175.0421,355.8163,283.1348
306.8186,279.8039,317.1371,170.8867,364.0111,175.3274,353.6926,284.2446
304.4619,279.5502,316.3559,170.1257,362.6137,175.1537,350.7198,284.5782
302.3672,281.4413,315.5019,170.3927,361.7898,175.8676,348.6551,286.9162
311.0000,175.0000,360.0000,175.0000,360.0000,287.0000,311.0000,287.0000
301.7982,286.6212,311.5493,172.0467,359.3519,176.1151,349.6009,290.6895
307.0000,177.0000,355.0000,177.0000,355.0000,289.0000,307.0000,289.0000
306.0000,178.0000,352.0000,178.0000,352.0000,289.0000,306.0000,289.0000
302.0000,179.0000,351.0000,179.0000,351.0000,290.0000,302.0000,290.0000
299.8804,288.9776,302.0952,178.2419,353.1747,179.2635,350.9600,289.9992
298.0000,178.0000,350.0000,178.0000,350.0000,288.0000,298.0000,288.0000
297.0000,179.0000,350.0000,179.0000,350.0000,289.0000,297.0000,289.0000
290.5751,181.3770,344.7684,179.2093,349.1310,288.2748,294.9377,290.4425
287.2627,182.5733,340.6415,178.2453,349.4869,287.3389,296.1081,291.6669
282.0000,184.0000,335.2000,176.4000,350.8800,286.1600,297.6800,293.7600
279.2160,185.6880,331.7520,176.1360,351.5920,285.2560,299.0560,294.8080
274.8172,185.9044,327.6964,174.4710,351.5457,284.7739,298.6664,296.2072
274.9120,183.0160,329.6480,173.0640,350.1280,285.7040,295.3920,295.6560
281.9363,173.2166,336.9019,171.2535,341.0293,286.8204,286.0637,288.7834
278.4616,175.6923,331.1385,169.1077,345.7385,285.9077,293.0616,292.4923
281.1122,173.0122,333.2558,168.3773,343.6664,285.4963,291.5228,290.1313
281.4375,173.6003,332.6320,168.2675,344.8175,285.2482,293.6230,290.5809
284.0000,172.0000,334.4918,167.4099,345.2131,285.3443,294.7213,289.9344
284.7013,172.5499,333.8424,168.6703,343.0840,285.7302,293.9429,289.6098
285.5399,174.0974,333.9248,170.8717,341.6151,286.2257,293.2301,289.4514
289.0000,172.0000,338.0000,172.0000,338.0000,286.0000,289.0000,286.0000
287.0000,172.0000,338.0000,172.0000,338.0000,284.0000,287.0000,284.0000
285.0000,174.0000,338.0000,174.0000,338.0000,284.0000,285.0000,284.0000
283.0000,173.0000,338.0000,173.0000,338.0000,282.0000,283.0000,282.0000
282.0000,280.0000,282.0000,172.0000,339.0000,172.0000,339.0000,280.0000
281.0000,171.0000,340.0000,171.0000,340.0000,279.0000,281.0000,279.0000
279.0000,278.0000,279.0000,171.0000,340.0000,171.0000,340.0000,278.0000
279.0000,170.0000,340.0000,170.0000,340.0000,277.0000,279.0000,277.0000
280.0000,276.0000,280.0000,168.0000,342.0000,168.0000,342.0000,276.0000
277.1809,168.0650,337.6395,165.9057,341.5707,275.9796,281.1121,278.1388
277.7023,167.5144,336.9990,164.6452,342.4757,277.8318,283.1791,280.7010
279.0000,164.0000,339.0000,164.0000,339.0000,277.0000,279.0000,277.0000
278.2934,164.5552,335.0874,160.1182,344.1568,276.2065,287.3628,280.6435
279.2276,163.8690,335.5621,160.5552,342.3207,275.4518,285.9862,278.7655
282.0000,162.0000,338.0000,162.0000,338.0000,276.0000,282.0000,276.0000
281.2303,162.5043,336.0894,161.6335,337.8859,274.8113,283.0267,275.6821
282.0000,163.0000,337.0000,163.0000,337.0000,276.0000,282.0000,276.0000
284.0000,163.0000,338.0000,163.0000,338.0000,274.0000,284.0000,274.0000
285.0000,163.0000,339.0000,163.0000,339.0000,274.0000,285.0000,274.0000
286.0000,163.0000,339.0000,163.0000,339.0000,274.0000,286.0000,274.0000
289.0000,162.0000,341.0000,162.0000,341.0000,273.0000,289.0000,273.0000
287.5621,272.4449,294.2379,158.9552,344.3000,161.9000,337.6241,275.3897
293.2715,271.8206,296.2780,159.0741,344.8435,160.3692,341.8369,273.1157
299.1820,270.9021,302.0710,158.2326,347.7589,159.4041,344.8699,272.0736
303.0000,160.0000,349.0000,160.0000,349.0000,270.0000,303.0000,270.0000
306.1123,160.4016,352.2385,159.5923,354.1459,268.3132,308.0197,269.1225
304.2153,161.0280,352.7248,159.2956,356.6051,267.9427,308.0956,269.6752
308.9100,161.5018,358.1703,160.5166,360.2995,266.9740,311.0392,267.9592
309.6584,161.6298,360.8776,160.4916,363.2438,266.9724,312.0247,268.1106
308.7208,164.0914,357.1877,160.6294,364.8477,267.8680,316.3807,271.3299
316.0000,161.0000,367.0000,161.0000,367.0000,268.0000,316.0000,268.0000
314.4912,161.6312,365.7241,160.4113,368.2844,267.9456,317.0516,269.1654
318.0000,269.0000,318.0000,160.0000,370.0000,160.0000,370.0000,269.0000
317.3712,159.7029,369.7231,158.5395,372.1540,267.9299,319.8021,269.0933
322.0000,159.0000,374.0000,159.0000,374.0000,267.0000,322.0000,267.0000
322.8731,160.7872,371.3479,157.1965,379.4461,266.5225,330.9713,270.1133
324.4558,161.8363,372.7744,158.6151,380.1062,268.5929,331.7876,271.8141
325.9787,162.2534,369.6870,155.1508,387.7156,266.0962,344.0073,273.1988
325.3558,160.4692,368.6939,151.9157,390.7152,263.4904,347.3771,272.0439
331.9143,157.0512,374.5277,153.8711,382.8108,264.8649,340.1974,268.0450
326.0198,153.1980,372.0594,148.5940,383.2673,260.6733,337.2277,265.2772
328.9840,147.3419,377.4673,146.1593,380.1706,256.9958,331.6873,258.1783
323.2739,145.9137,371.7122,143.4169,377.5655,256.9709,329.1272,259.4677
321.0000,141.0000,375.0000,141.0000,375.0000,256.0000,321.0000,256.0000
319.5781,136.5493,372.5433,135.1912,375.5079,250.8075,322.5427,252.1656
320.7435,133.2775,371.8846,132.5769,373.4206,244.7066,322.2795,245.4071
316.6241,136.0609,365.5902,131.5509,376.0368,244.9703,327.0706,249.4803
319.0000,135.0000,363.0000,135.0000,363.0000,253.0000,319.0000,253.0000
320.0519,134.4283,360.0931,131.6982,368.3867,253.3373,328.3455,256.0674
319.3960,136.9604,357.5149,133.1485,369.7723,255.7228,331.6535,259.5347
320.0628,139.1202,358.6043,135.2173,370.7838,255.4902,332.2423,259.3932
320.5932,141.3660,358.6326,136.9557,372.2864,254.7204,334.2471,259.1308
321.3171,144.8537,360.1707,140.5366,373.0853,256.7683,334.2317,261.0854
315.6733,149.1013,352.8374,141.9543,374.8131,256.2282,337.6491,263.3752
315.3835,148.6210,356.5852,143.7161,370.2046,258.1185,329.0028,263.0235
320.4590,155.1941,363.8457,154.2081,366.3123,262.7430,322.9257,263.7290
319.7247,263.9174,324.8343,154.0621,367.5094,156.0469,362.3998,265.9023
322.7706,156.2986,363.1080,155.5077,365.2337,263.9170,324.8962,264.7079
321.9047,156.7123,362.0433,155.0398,366.5251,262.6031,326.3865,264.2755
319.8186,160.2787,361.7655,157.4823,368.8585,263.8761,326.9116,266.6726
319.2971,159.9703,359.9901,155.9010,370.5049,261.0495,329.8119,265.1188
315.9563,162.2298,359.2937,156.4083,373.3982,261.4092,330.0608,267.2307
315.2312,163.7065,358.4804,156.6660,375.5342,261.4247,332.2850,268.4652
310.1410,165.4598,357.6826,156.4655,377.3399,260.3681,329.7983,269.3625
313.8432,168.7405,352.6324,156.8054,384.8486,261.5081,346.0594,273.4433
309.9602,172.8788,351.2407,159.3240,385.6586,264.1420,344.3781,277.6968
315.2498,174.8404,348.3021,161.6992,388.9833,264.0186,355.9311,277.1599
319.1710,168.9777,371.2844,162.1803,384.9238,266.7491,332.8104,273.5464
311.7692,173.8461,361.3846,163.9231,381.1154,262.5769,331.5000,272.5000
326.6931,172.7828,376.9897,169.8241,383.1138,273.9345,332.8173,276.8931
331.0000,179.0000,380.0000,179.0000,380.0000,285.0000,331.0000,285.0000
321.2910,181.7276,360.2875,174.7083,380.3448,286.1379,341.3483,293.1573
332.6064,184.7471,370.0356,182.2927,377.5293,296.5718,340.1001,299.0262
336.3414,193.8034,374.0345,191.5862,380.9241,308.7104,343.2310,310.9276
330.5692,183.5538,370.6923,178.5385,385.1692,294.3538,345.0461,299.3692
321.1892,184.1351,368.2162,176.2973,387.3243,290.9460,340.2973,298.7838
319.9385,186.5077,369.0461,180.3692,382.9846,291.8770,333.8770,298.0154
325.2806,278.5688,327.0317,182.2551,374.3979,183.1163,372.6467,279.4299
323.3272,277.8432,333.1288,173.2933,381.9807,177.8732,372.1791,282.4230
329.0000,188.0000,380.0000,188.0000,380.0000,293.0000,329.0000,293.0000
336.0000,191.0000,383.0000,191.0000,383.0000,301.0000,336.0000,301.0000
332.0000,202.0000,380.0000,202.0000,380.0000,314.0000,332.0000,314.0000
330.5497,316.7244,337.0351,202.5815,378.1411,204.9171,371.6556,319.0600
337.0000,207.0000,378.0000,207.0000,378.0000,321.0000,337.0000,321.0000
336.5767,209.3732,376.6696,208.4620,379.3072,324.5157,339.2143,325.4269
336.3845,209.3026,376.7202,208.4062,379.2977,324.3934,338.9620,325.2897
337.0000,210.0000,381.0000,210.0000,381.0000,326.0000,337.0000,326.0000
336.0000,211.0000,383.0000,211.0000,383.0000,325.0000,336.0000,325.0000
335.0000,213.0000,384.0000,213.0000,384.0000,325.0000,335.0000,325.0000
334.0000,215.0000,385.0000,215.0000,385.0000,325.0000,334.0000,325.0000
335.0000,216.0000,387.0000,216.0000,387.0000,325.0000,335.0000,325.0000
336.0000,218.0000,387.0000,218.0000,387.0000,327.0000,336.0000,327.0000
335.0000,216.0000,385.0000,216.0000,385.0000,327.0000,335.0000,327.0000
334.3411,214.3252,382.6232,213.1756,385.3077,325.9212,337.0255,327.0708
332.4406,216.1291,377.3229,213.0689,385.0488,326.3831,340.1666,329.4432
335.7360,213.2743,378.1050,212.4595,380.3190,327.5900,337.9501,328.4048
338.0000,212.0000,379.0000,212.0000,379.0000,327.0000,338.0000,327.0000
339.0000,212.0000,379.0000,212.0000,379.0000,327.0000,339.0000,327.0000
341.0000,211.0000,381.0000,211.0000,381.0000,326.0000,341.0000,326.0000
341.0000,211.0000,382.0000,211.0000,382.0000,326.0000,341.0000,326.0000
343.0000,211.0000,385.0000,211.0000,385.0000,325.0000,343.0000,325.0000
344.0000,211.0000,386.0000,211.0000,386.0000,325.0000,344.0000,325.0000
344.0000,211.0000,387.0000,211.0000,387.0000,323.0000,344.0000,323.0000
344.0000,211.0000,387.0000,211.0000,387.0000,323.0000,344.0000,323.0000
345.0000,211.0000,387.0000,211.0000,387.0000,323.0000,345.0000,323.0000
345.0000,209.0000,388.0000,209.0000,388.0000,322.0000,345.0000,322.0000
344.0000,207.0000,387.0000,207.0000,387.0000,321.0000,344.0000,321.0000
343.0000,208.0000,385.0000,208.0000,385.0000,322.0000,343.0000,322.0000
334.5400,317.2200,350.6200,204.6600,392.2000,210.6000,376.1200,323.1600
333.1555,316.6477,349.8033,202.4922,389.3987,208.2665,372.7509,322.4220
333.8114,317.5961,349.2525,203.3314,386.6772,208.3888,371.2361,322.6535
338.8142,317.7876,346.4293,203.5620,382.8010,205.9868,375.1859,320.2124
339.3732,318.4455,342.2746,205.2891,380.8390,206.2779,377.9376,319.4343
339.8018,207.2898,378.6428,206.4971,380.9350,318.8177,342.0941,319.6103
340.0000,207.0000,380.0000,207.0000,380.0000,318.0000,340.0000,318.0000
339.0000,206.0000,379.0000,206.0000,379.0000,317.0000,339.0000,317.0000
339.0000,209.0000,379.0000,209.0000,379.0000,319.0000,339.0000,319.0000
338.0000,208.0000,381.0000,208.0000,381.0000,318.0000,338.0000,318.0000
337.0000,207.0000,381.0000,207.0000,381.0000,317.0000,337.0000,317.0000
337.0000,208.0000,382.0000,208.0000,382.0000,317.0000,337.0000,317.0000
335.0000,209.0000,382.0000,209.0000,382.0000,316.0000,335.0000,316.0000
333.3447,208.4071,378.3377,207.1573,381.3315,314.9353,336.3385,316.1851
327.8146,210.2699,372.4452,205.4880,384.0366,313.6747,339.4060,318.4565
327.8408,208.7178,372.1418,204.1151,383.2935,311.4500,338.9925,316.0527
328.2200,207.5915,372.9534,203.9922,381.5532,310.8750,336.8198,314.4742
330.4417,206.4445,376.6273,205.2753,379.3004,310.8658,333.1148,312.0351
332.0000,204.0000,377.0000,204.0000,377.0000,308.0000,332.0000,308.0000
328.1215,306.3459,331.9169,202.6067,377.6483,204.2798,373.8530,308.0190
324.5689,306.3834,327.2872,203.0865,375.3855,204.3523,372.6671,307.6491
325.0000,207.0000,375.0000,207.0000,375.0000,308.0000,325.0000,308.0000
322.1693,209.3539,368.4462,203.5693,381.1539,305.2308,334.8770,311.0154
330.5699,209.2182,375.0819,205.7041,383.0702,306.8892,338.5582,310.4033
332.0092,211.6973,377.3761,209.5872,381.9676,308.3038,336.6007,310.4139
335.0000,211.0000,380.0000,211.0000,380.0000,310.0000,335.0000,310.0000
335.0000,208.0000,378.0000,208.0000,378.0000,308.0000,335.0000,308.0000
337.0000,210.0000,377.0000,210.0000,377.0000,311.0000,337.0000,311.0000
336.0000,204.0000,375.0000,204.0000,375.0000,306.0000,336.0000,306.0000
332.6732,304.3789,334.9453,204.4078,371.3810,205.2359,369.1089,305.2070
328.8755,304.2955,331.4458,205.3363,370.4585,206.3495,367.8881,305.3088
325.0000,208.0000,368.0000,208.0000,368.0000,304.0000,325.0000,304.0000
318.1962,210.0550,363.2198,207.8765,367.8206,302.9603,322.7970,305.1389
314.0311,206.9323,362.3774,205.3207,365.5660,300.9811,317.2197,302.5927
312.0000,299.0000,312.0000,204.0000,364.0000,204.0000,364.0000,299.0000
306.0000,199.0000,361.0000,199.0000,361.0000,295.0000,306.0000,295.0000
