1
510.0000,197.0000,561.0000,197.0000,561.0000,228.0000,510.0000,228.0000
504.0000,197.0000,556.0000,197.0000,556.0000,229.0000,504.0000,229.0000
494.0000,197.0000,541.0000,197.0000,541.0000,231.0000,494.0000,231.0000
480.5232,201.1846,527.9078,195.2616,532.1078,228.8616,484.7231,234.7846
476.5460,200.3985,524.9023,194.8190,528.5679,226.5883,480.2117,232.1679
461.0000,196.0000,508.0000,196.0000,508.0000,228.0000,461.0000,228.0000
442.0000,192.0000,486.0000,192.0000,486.0000,226.0000,442.0000,226.0000
441.0000,191.0000,479.0000,191.0000,479.0000,226.0000,441.0000,226.0000
430.0000,188.0000,468.0000,188.0000,468.0000,225.0000,430.0000,225.0000
413.9153,185.2988,442.7059,173.1765,461.6236,218.1059,432.8330,230.2282
410.0000,181.0000,447.0000,181.0000,447.0000,223.0000,410.0000,223.0000
384.2398,189.0362,401.8869,169.6244,444.6425,208.4932,426.9955,227.9050
371.0384,183.9585,388.5208,165.0192,432.0479,205.1981,414.5655,224.1374
366.3780,180.0306,382.7737,163.0043,426.5310,205.1409,410.1353,222.1673
351.7971,177.6510,369.2452,159.5050,414.0507,202.5872,396.6026,220.7333
350.0000,170.0000,393.0000,170.0000,393.0000,216.0000,350.0000,216.0000
346.0000,168.0000,389.0000,168.0000,389.0000,213.0000,346.0000,213.0000
334.0000,164.0000,380.0000,164.0000,380.0000,209.0000,334.0000,209.0000
320.0000,162.0000,367.0000,162.0000,367.0000,204.0000,320.0000,204.0000
311.0000,161.0000,358.0000,161.0000,358.0000,203.0000,311.0000,203.0000
300.0000,161.0000,347.0000,161.0000,347.0000,205.0000,300.0000,205.0000
289.0000,158.0000,334.0000,158.0000,334.0000,202.0000,289.0000,202.0000
282.0000,156.0000,329.0000,156.0000,329.0000,195.0000,282.0000,195.0000
269.0000,156.0000,316.0000,156.0000,316.0000,197.0000,269.0000,197.0000
259.0000,159.0000,305.0000,159.0000,305.0000,200.0000,259.0000,200.0000
253.0000,161.0000,300.0000,161.0000,300.0000,203.0000,253.0000,203.0000
256.0000,152.0000,305.0000,152.0000,305.0000,188.0000,256.0000,188.0000
256.0000,154.0000,305.0000,154.0000,305.0000,193.0000,256.0000,193.0000
244.0000,158.0000,295.0000,158.0000,295.0000,197.0000,244.0000,197.0000
219.5489,160.5742,271.1262,154.3849,274.5142,182.6183,222.9369,188.8076
219.0000,143.0000,268.0000,143.0000,268.0000,183.0000,219.0000,183.0000
211.0000,190.0000,211.0000,149.0000,259.0000,149.0000,259.0000,190.0000
189.2257,153.3849,240.6637,149.9557,243.0487,185.7301,191.6106,189.1593
176.0000,133.0000,223.0000,133.0000,223.0000,176.0000,176.0000,176.0000
173.0000,142.0000,216.0000,142.0000,216.0000,186.0000,173.0000,186.0000
161.0000,138.0000,205.0000,138.0000,205.0000,182.0000,161.0000,182.0000
168.0000,129.0000,213.0000,129.0000,213.0000,174.0000,168.0000,174.0000
170.0000,133.0000,214.0000,133.0000,214.0000,180.0000,170.0000,180.0000
182.0000,137.0000,225.0000,137.0000,225.0000,185.0000,182.0000,185.0000
186.0000,143.0000,229.0000,143.0000,229.0000,191.0000,186.0000,191.0000
179.0000,146.0000,223.0000,146.0000,223.0000,194.0000,179.0000,194.0000
176.0000,152.0000,221.0000,152.0000,221.0000,199.0000,176.0000,199.0000
174.0000,156.0000,220.0000,156.0000,220.0000,202.0000,174.0000,202.0000
160.0000,145.0000,207.0000,145.0000,207.0000,191.0000,160.0000,191.0000
172.0000,151.0000,216.0000,151.0000,216.0000,195.0000,172.0000,195.0000
128.0000,130.0000,177.0000,130.0000,177.0000,171.0000,128.0000,171.0000
125.0000,131.0000,172.0000,131.0000,172.0000,172.0000,125.0000,172.0000
2
0
0
0
0
1
161.0000,176.0000,195.0000,176.0000,195.0000,210.0000,161.0000,210.0000
165.0000,176.0000,197.0000,176.0000,197.0000,213.0000,165.0000,213.0000
166.0000,176.0000,198.0000,176.0000,198.0000,214.0000,166.0000,214.0000
168.0000,214.0000,168.0000,174.0000,201.0000,174.0000,201.0000,214.0000
170.0000,174.0000,203.0000,174.0000,203.0000,214.0000,170.0000,214.0000
171.0000,174.0000,205.0000,174.0000,205.0000,214.0000,171.0000,214.0000
172.0000,173.0000,208.0000,173.0000,208.0000,211.0000,172.0000,211.0000
173.0000,175.0000,210.0000,175.0000,210.0000,213.0000,173.0000,213.0000
175.0000,176.0000,211.0000,176.0000,211.0000,213.0000,175.0000,213.0000
175.0000,180.0000,211.0000,180.0000,211.0000,215.0000,175.0000,215.0000
179.0000,180.0000,213.0000,180.0000,213.0000,216.0000,179.0000,216.0000
180.0000,181.0000,214.0000,181.0000,214.0000,219.0000,180.0000,219.0000
183.0000,179.0000,216.0000,179.0000,216.0000,219.0000,183.0000,219.0000
187.0000,178.0000,219.0000,178.0000,219.0000,219.0000,187.0000,219.0000
190.0000,179.0000,221.0000,179.0000,221.0000,220.0000,190.0000,220.0000
196.0000,183.0000,225.0000,183.0000,225.0000,224.0000,196.0000,224.0000
200.0000,185.0000,228.0000,185.0000,228.0000,228.0000,200.0000,228.0000
201.0000,192.0000,230.0000,192.0000,230.0000,233.0000,201.0000,233.0000
204.0000,194.0000,232.0000,194.0000,232.0000,234.0000,204.0000,234.0000
206.0000,198.0000,236.0000,198.0000,236.0000,237.0000,206.0000,237.0000
207.0000,198.0000,237.0000,198.0000,237.0000,237.0000,207.0000,237.0000
212.0000,203.0000,244.0000,203.0000,244.0000,240.0000,212.0000,240.0000
217.0000,203.0000,248.0000,203.0000,248.0000,241.0000,217.0000,241.0000
218.0000,203.0000,250.0000,203.0000,250.0000,241.0000,218.0000,241.0000
223.0000,205.0000,254.0000,205.0000,254.0000,243.0000,223.0000,243.0000
225.0000,210.0000,257.0000,210.0000,257.0000,247.0000,225.0000,247.0000
225.0000,213.0000,259.0000,213.0000,259.0000,249.0000,225.0000,249.0000
227.0000,217.0000,263.0000,217.0000,263.0000,252.0000,227.0000,252.0000
230.0000,222.0000,267.0000,222.0000,267.0000,257.0000,230.0000,257.0000
232.0000,226.0000,271.0000,226.0000,271.0000,260.0000,232.0000,260.0000
239.0000,229.0000,281.0000,229.0000,281.0000,262.0000,239.0000,262.0000
240.0000,234.0000,283.0000,234.0000,283.0000,268.0000,240.0000,268.0000
241.0000,234.0000,285.0000,234.0000,285.0000,269.0000,241.0000,269.0000
241.0000,226.0000,286.0000,226.0000,286.0000,261.0000,241.0000,261.0000
216.0000,241.0000,257.0000,241.0000,257.0000,277.0000,216.0000,277.0000
216.0000,242.0000,255.0000,242.0000,255.0000,281.0000,216.0000,281.0000
222.0000,248.0000,260.0000,248.0000,260.0000,287.0000,222.0000,287.0000
225.0000,251.0000,264.0000,251.0000,264.0000,289.0000,225.0000,289.0000
228.0000,250.0000,267.0000,250.0000,267.0000,289.0000,228.0000,289.0000
231.0000,256.0000,271.0000,256.0000,271.0000,292.0000,231.0000,292.0000
233.0000,275.0000,261.5000,246.5000,286.0000,271.0000,257.5000,299.5000
246.0000,260.0000,288.0000,260.0000,288.0000,294.0000,246.0000,294.0000
264.0000,263.0000,303.0000,263.0000,303.0000,298.0000,264.0000,298.0000
271.0000,267.0000,310.0000,267.0000,310.0000,304.0000,271.0000,304.0000
274.0000,271.0000,312.0000,271.0000,312.0000,309.0000,274.0000,309.0000
273.0000,272.0000,311.0000,272.0000,311.0000,310.0000,273.0000,310.0000
275.0000,279.0000,311.0000,279.0000,311.0000,316.0000,275.0000,316.0000
278.0000,284.0000,314.0000,284.0000,314.0000,322.0000,278.0000,322.0000
281.0000,286.0000,316.0000,286.0000,316.0000,323.0000,281.0000,323.0000
284.0000,290.0000,318.0000,290.0000,318.0000,329.0000,284.0000,329.0000
287.0000,293.0000,319.0000,293.0000,319.0000,333.0000,287.0000,333.0000
288.0000,296.0000,319.0000,296.0000,319.0000,336.0000,288.0000,336.0000
296.0000,297.0000,328.0000,297.0000,328.0000,339.0000,296.0000,339.0000
304.0000,300.0000,338.0000,300.0000,338.0000,342.0000,304.0000,342.0000
308.0000,304.0000,341.0000,304.0000,341.0000,346.0000,308.0000,346.0000
317.0000,310.0000,351.0000,310.0000,351.0000,351.0000,317.0000,351.0000
2
0
0
0
0
1
274.0000,286.0000,323.0000,286.0000,323.0000,326.0000,274.0000,326.0000
267.8941,316.9765,274.2942,288.1765,327.3412,299.9647,320.9412,328.7647
268.6000,314.2000,276.2000,291.4000,328.4000,308.8000,320.8000,331.6000
262.4890,313.9051,271.6570,288.6935,326.0949,308.4890,316.9270,333.7007
263.8769,317.7846,271.3308,290.4539,325.2308,305.1539,317.7769,332.4846
272.0000,292.0000,321.0000,292.0000,321.0000,329.0000,272.0000,329.0000
263.0876,326.1671,266.0247,298.2658,317.6630,303.7014,314.7260,331.6028
260.6704,328.0542,264.5271,298.1648,317.4842,304.9980,313.6275,334.8874
260.0000,299.0000,310.0000,299.0000,310.0000,335.0000,260.0000,335.0000
248.0000,312.0000,295.0000,312.0000,295.0000,353.0000,248.0000,353.0000
256.0000,320.0000,299.0000,320.0000,299.0000,364.0000,256.0000,364.0000
259.0000,303.0000,294.0000,303.0000,294.0000,344.0000,259.0000,344.0000
252.0000,305.0000,288.0000,305.0000,288.0000,345.0000,252.0000,345.0000
253.0000,348.0000,253.0000,307.0000,289.0000,307.0000,289.0000,348.0000
2
0
0
0
0
1
249.0000,327.0000,300.0000,327.0000,300.0000,357.0000,249.0000,357.0000
248.4303,339.2651,303.4263,332.9798,306.4561,359.4907,251.4601,365.7760
245.7561,341.8049,304.2561,335.3049,307.1951,361.7561,248.6951,368.2561
247.0000,340.0000,303.0000,340.0000,303.0000,372.0000,247.0000,372.0000
242.0000,346.0000,294.0000,346.0000,294.0000,377.0000,242.0000,377.0000
241.0000,346.0000,293.0000,346.0000,293.0000,379.0000,241.0000,379.0000
248.0000,346.0000,299.0000,346.0000,299.0000,380.0000,248.0000,380.0000
239.0000,345.0000,288.0000,345.0000,288.0000,381.0000,239.0000,381.0000
238.0000,354.0000,287.0000,354.0000,287.0000,388.0000,238.0000,388.0000
233.0000,358.0000,281.0000,358.0000,281.0000,393.0000,233.0000,393.0000
237.0000,357.0000,285.0000,357.0000,285.0000,391.0000,237.0000,391.0000
234.0000,353.0000,281.0000,353.0000,281.0000,388.0000,234.0000,388.0000
235.0000,348.0000,283.0000,348.0000,283.0000,382.0000,235.0000,382.0000
251.0000,348.0000,299.0000,348.0000,299.0000,382.0000,251.0000,382.0000
238.0000,346.0000,285.0000,346.0000,285.0000,381.0000,238.0000,381.0000
235.8924,383.4736,237.3736,349.4076,286.2377,351.5321,284.7566,385.5981
237.0000,349.0000,286.0000,349.0000,286.0000,385.0000,237.0000,385.0000
239.0000,351.0000,290.0000,351.0000,290.0000,385.0000,239.0000,385.0000
230.6985,383.4277,232.5016,350.9723,285.1723,353.8984,283.3692,386.3538
234.0000,352.0000,284.0000,352.0000,284.0000,384.0000,234.0000,384.0000
229.0000,350.0000,283.0000,350.0000,283.0000,384.0000,229.0000,384.0000
232.0000,348.0000,284.0000,348.0000,284.0000,383.0000,232.0000,383.0000
