1
184.0000,22.0000,233.0000,22.0000,233.0000,58.0000,184.0000,58.0000
183.0000,24.0000,232.0000,24.0000,232.0000,60.0000,183.0000,60.0000
184.0000,25.0000,234.0000,25.0000,234.0000,59.0000,184.0000,59.0000
182.0000,27.0000,231.0000,27.0000,231.0000,60.0000,182.0000,60.0000
182.0000,29.0000,231.0000,29.0000,231.0000,61.0000,182.0000,61.0000
181.0000,31.0000,231.0000,31.0000,231.0000,61.0000,181.0000,61.0000
180.0000,32.0000,230.0000,32.0000,230.0000,63.0000,180.0000,63.0000
179.0000,34.0000,230.0000,34.0000,230.0000,65.0000,179.0000,65.0000
178.0000,37.0000,229.0000,37.0000,229.0000,67.0000,178.0000,67.0000
177.0000,38.0000,228.0000,38.0000,228.0000,69.0000,177.0000,69.0000
177.0000,40.0000,228.0000,40.0000,228.0000,72.0000,177.0000,72.0000
177.0000,40.0000,228.0000,40.0000,228.0000,73.0000,177.0000,73.0000
176.0000,42.0000,227.0000,42.0000,227.0000,75.0000,176.0000,75.0000
175.0000,43.0000,228.0000,43.0000,228.0000,76.0000,175.0000,76.0000
176.0000,43.0000,228.0000,43.0000,228.0000,75.0000,176.0000,75.0000
176.0000,46.0000,227.0000,46.0000,227.0000,80.0000,176.0000,80.0000
176.0000,46.0000,227.0000,46.0000,227.0000,80.0000,176.0000,80.0000
175.2110,47.6959,227.6945,45.7521,228.9356,79.2616,176.4521,81.2055
175.0000,48.0000,227.0000,48.0000,227.0000,83.0000,175.0000,83.0000
175.0000,49.0000,228.0000,49.0000,228.0000,83.0000,175.0000,83.0000
174.0000,50.0000,227.0000,50.0000,227.0000,84.0000,174.0000,84.0000
175.0000,52.0000,227.0000,52.0000,227.0000,86.0000,175.0000,86.0000
175.0000,54.0000,227.0000,54.0000,227.0000,88.0000,175.0000,88.0000
175.0000,55.0000,228.0000,55.0000,228.0000,89.0000,175.0000,89.0000
176.0000,55.0000,228.0000,55.0000,228.0000,90.0000,176.0000,90.0000
174.0000,56.0000,227.0000,56.0000,227.0000,92.0000,174.0000,92.0000
175.0000,57.0000,228.0000,57.0000,228.0000,93.0000,175.0000,93.0000
174.0000,59.0000,229.0000,59.0000,229.0000,93.0000,174.0000,93.0000
175.0000,59.0000,230.0000,59.0000,230.0000,95.0000,175.0000,95.0000
174.0000,60.0000,232.0000,60.0000,232.0000,94.0000,174.0000,94.0000
174.0000,60.0000,233.0000,60.0000,233.0000,95.0000,174.0000,95.0000
174.0000,60.0000,232.0000,60.0000,232.0000,95.0000,174.0000,95.0000
173.0000,59.0000,232.0000,59.0000,232.0000,94.0000,173.0000,94.0000
172.0000,59.0000,231.0000,59.0000,231.0000,95.0000,172.0000,95.0000
171.0000,61.0000,229.0000,61.0000,229.0000,97.0000,171.0000,97.0000
172.0000,60.0000,230.0000,60.0000,230.0000,95.0000,172.0000,95.0000
173.0000,60.0000,230.0000,60.0000,230.0000,95.0000,173.0000,95.0000
173.0000,60.0000,229.0000,60.0000,229.0000,93.0000,173.0000,93.0000
175.0000,60.0000,230.0000,60.0000,230.0000,93.0000,175.0000,93.0000
174.0000,60.0000,230.0000,60.0000,230.0000,93.0000,174.0000,93.0000
175.0000,59.0000,230.0000,59.0000,230.0000,92.0000,175.0000,92.0000
176.0000,60.0000,229.0000,60.0000,229.0000,94.0000,176.0000,94.0000
176.0000,59.0000,230.0000,59.0000,230.0000,94.0000,176.0000,94.0000
177.0000,59.0000,230.0000,59.0000,230.0000,93.0000,177.0000,93.0000
175.7561,60.8049,228.8780,54.9024,232.6707,89.0366,179.5488,94.9390
178.0000,59.0000,231.0000,59.0000,231.0000,94.0000,178.0000,94.0000
181.0000,60.0000,236.0000,60.0000,236.0000,95.0000,181.0000,95.0000
181.0000,60.0000,236.0000,60.0000,236.0000,96.0000,181.0000,96.0000
184.0000,59.0000,240.0000,59.0000,240.0000,95.0000,184.0000,95.0000
183.0000,59.0000,238.0000,59.0000,238.0000,95.0000,183.0000,95.0000
183.0000,59.0000,237.0000,59.0000,237.0000,95.0000,183.0000,95.0000
184.0000,58.0000,238.0000,58.0000,238.0000,94.0000,184.0000,94.0000
185.0000,57.0000,237.0000,57.0000,237.0000,94.0000,185.0000,94.0000
187.0000,57.0000,238.0000,57.0000,238.0000,94.0000,187.0000,94.0000
189.0000,55.0000,238.0000,55.0000,238.0000,93.0000,189.0000,93.0000
191.0000,55.0000,240.0000,55.0000,240.0000,93.0000,191.0000,93.0000
194.0000,55.0000,242.0000,55.0000,242.0000,92.0000,194.0000,92.0000
194.0000,55.0000,241.0000,55.0000,241.0000,92.0000,194.0000,92.0000
197.0000,54.0000,243.0000,54.0000,243.0000,91.0000,197.0000,91.0000
198.0000,52.0000,243.0000,52.0000,243.0000,89.0000,198.0000,89.0000
199.0000,52.0000,243.0000,52.0000,243.0000,90.0000,199.0000,90.0000
201.0000,50.0000,243.0000,50.0000,243.0000,88.0000,201.0000,88.0000
203.0000,49.0000,244.0000,49.0000,244.0000,88.0000,203.0000,88.0000
203.0000,49.0000,243.0000,49.0000,243.0000,88.0000,203.0000,88.0000
202.0000,48.0000,241.0000,48.0000,241.0000,87.0000,202.0000,87.0000
203.0000,49.0000,240.0000,49.0000,240.0000,88.0000,203.0000,88.0000
204.0000,49.0000,239.0000,49.0000,239.0000,88.0000,204.0000,88.0000
205.0000,48.0000,239.0000,48.0000,239.0000,88.0000,205.0000,88.0000
206.0000,48.0000,238.0000,48.0000,238.0000,88.0000,206.0000,88.0000
206.0000,48.0000,238.0000,48.0000,238.0000,87.0000,206.0000,87.0000
207.0000,49.0000,237.0000,49.0000,237.0000,89.0000,207.0000,89.0000
207.0000,49.0000,237.0000,49.0000,237.0000,89.0000,207.0000,89.0000
208.0000,49.0000,237.0000,49.0000,237.0000,89.0000,208.0000,89.0000
208.0000,49.0000,238.0000,49.0000,238.0000,89.0000,208.0000,89.0000
210.0000,49.0000,239.0000,49.0000,239.0000,89.0000,210.0000,89.0000
211.0000,49.0000,240.0000,49.0000,240.0000,89.0000,211.0000,89.0000
210.0000,49.0000,241.0000,49.0000,241.0000,89.0000,210.0000,89.0000
212.0000,49.0000,242.0000,49.0000,242.0000,89.0000,212.0000,89.0000
212.0000,50.0000,242.0000,50.0000,242.0000,89.0000,212.0000,89.0000
214.0000,50.0000,244.0000,50.0000,244.0000,89.0000,214.0000,89.0000
215.0000,50.0000,245.0000,50.0000,245.0000,88.0000,215.0000,88.0000
215.0000,50.0000,246.0000,50.0000,246.0000,89.0000,215.0000,89.0000
206.9901,68.0990,233.9456,46.0446,255.2426,72.0743,228.2871,94.1287
208.0000,70.0000,233.0000,45.0000,256.5000,68.5000,231.5000,93.5000
219.0000,49.0000,251.0000,49.0000,251.0000,87.0000,219.0000,87.0000
221.0000,49.0000,253.0000,49.0000,253.0000,87.0000,221.0000,87.0000
223.0000,48.0000,254.0000,48.0000,254.0000,86.0000,223.0000,86.0000
224.0000,47.0000,256.0000,47.0000,256.0000,87.0000,224.0000,87.0000
225.0000,48.0000,256.0000,48.0000,256.0000,87.0000,225.0000,87.0000
225.0000,48.0000,255.0000,48.0000,255.0000,87.0000,225.0000,87.0000
224.0000,48.0000,254.0000,48.0000,254.0000,87.0000,224.0000,87.0000
225.0000,47.0000,255.0000,47.0000,255.0000,86.0000,225.0000,86.0000
225.0000,48.0000,255.0000,48.0000,255.0000,86.0000,225.0000,86.0000
225.0000,46.0000,255.0000,46.0000,255.0000,84.0000,225.0000,84.0000
225.0000,45.0000,255.0000,45.0000,255.0000,84.0000,225.0000,84.0000
225.0000,44.0000,256.0000,44.0000,256.0000,83.0000,225.0000,83.0000
224.0000,42.0000,256.0000,42.0000,256.0000,82.0000,224.0000,82.0000
224.0000,41.0000,256.0000,41.0000,256.0000,81.0000,224.0000,81.0000
223.0000,40.0000,255.0000,40.0000,255.0000,80.0000,223.0000,80.0000
222.0000,38.0000,255.0000,38.0000,255.0000,79.0000,222.0000,79.0000
221.0000,38.0000,254.0000,38.0000,254.0000,78.0000,221.0000,78.0000
221.0000,36.0000,254.0000,36.0000,254.0000,76.0000,221.0000,76.0000
219.0000,33.0000,250.0000,33.0000,250.0000,74.0000,219.0000,74.0000
219.0000,33.0000,250.0000,33.0000,250.0000,73.0000,219.0000,73.0000
219.0000,30.0000,250.0000,30.0000,250.0000,70.0000,219.0000,70.0000
217.0000,28.0000,247.0000,28.0000,247.0000,69.0000,217.0000,69.0000
217.0000,27.0000,247.0000,27.0000,247.0000,68.0000,217.0000,68.0000
214.0000,27.0000,244.0000,27.0000,244.0000,68.0000,214.0000,68.0000
216.0000,25.0000,246.0000,25.0000,246.0000,66.0000,216.0000,66.0000
214.0000,23.0000,244.0000,23.0000,244.0000,65.0000,214.0000,65.0000
212.0000,20.0000,242.0000,20.0000,242.0000,62.0000,212.0000,62.0000
212.0000,19.0000,243.0000,19.0000,243.0000,61.0000,212.0000,61.0000
214.0000,18.0000,244.0000,18.0000,244.0000,61.0000,214.0000,61.0000
215.0000,19.0000,244.0000,19.0000,244.0000,62.0000,215.0000,62.0000
214.0000,17.0000,244.0000,17.0000,244.0000,61.0000,214.0000,61.0000
213.0000,15.0000,240.0000,15.0000,240.0000,60.0000,213.0000,60.0000
214.0000,14.0000,243.0000,14.0000,243.0000,60.0000,214.0000,60.0000
216.0000,13.0000,244.0000,13.0000,244.0000,59.0000,216.0000,59.0000
209.0769,53.6154,218.5769,6.1154,239.5385,10.3077,230.0385,57.8077
215.0000,7.0000,233.0000,7.0000,233.0000,55.0000,215.0000,55.0000
213.0000,53.0000,219.9600,4.2800,236.7600,6.6800,229.8000,55.4000
212.5946,51.4324,220.5405,3.7568,236.9189,6.4865,228.9730,54.1622
216.3793,51.4483,220.3379,3.9448,235.1517,5.1793,231.1931,52.6828
215.8986,50.3838,223.5117,2.8019,238.9563,5.2730,231.3432,52.8549
216.9595,49.7630,224.0578,3.6243,238.5607,5.8555,231.4624,51.9942
217.0541,48.6757,224.7027,2.7838,238.9730,5.1622,231.3243,51.0541
223.0000,6.0000,237.0000,6.0000,237.0000,50.0000,223.0000,50.0000
224.0000,5.0000,238.0000,5.0000,238.0000,48.0000,224.0000,48.0000
225.0000,4.0000,239.0000,4.0000,239.0000,47.0000,225.0000,47.0000
226.0000,5.0000,240.0000,5.0000,240.0000,47.0000,226.0000,47.0000
225.4941,47.5765,228.8235,4.2941,242.0529,5.3118,238.7235,48.5941
229.0000,6.0000,242.0000,6.0000,242.0000,48.0000,229.0000,48.0000
231.0000,5.0000,243.0000,5.0000,243.0000,47.0000,231.0000,47.0000
233.0000,5.0000,245.0000,5.0000,245.0000,48.0000,233.0000,48.0000
234.0000,7.0000,246.0000,7.0000,246.0000,50.0000,234.0000,50.0000
235.0000,12.0000,246.0000,12.0000,246.0000,57.0000,235.0000,57.0000
236.0000,14.0000,248.0000,14.0000,248.0000,58.0000,236.0000,58.0000
238.0000,16.0000,249.0000,16.0000,249.0000,61.0000,238.0000,61.0000
240.0000,18.0000,251.0000,18.0000,251.0000,66.0000,240.0000,66.0000
241.0000,20.0000,251.0000,20.0000,251.0000,69.0000,241.0000,69.0000
243.0000,23.0000,253.0000,23.0000,253.0000,74.0000,243.0000,74.0000
245.0000,24.0000,255.0000,24.0000,255.0000,76.0000,245.0000,76.0000
246.0000,28.0000,256.0000,28.0000,256.0000,82.0000,246.0000,82.0000
247.0000,32.0000,258.0000,32.0000,258.0000,87.0000,247.0000,87.0000
246.0000,38.0000,258.0000,38.0000,258.0000,96.0000,246.0000,96.0000
247.0000,44.0000,258.0000,44.0000,258.0000,102.0000,247.0000,102.0000
247.0000,107.0000,247.0000,47.0000,258.0000,47.0000,258.0000,107.0000
247.0000,113.0000,247.0000,51.0000,258.0000,51.0000,258.0000,113.0000
247.0000,56.0000,259.0000,56.0000,259.0000,118.0000,247.0000,118.0000
247.0000,61.0000,259.0000,61.0000,259.0000,125.0000,247.0000,125.0000
247.0000,64.0000,259.0000,64.0000,259.0000,126.0000,247.0000,126.0000
247.0000,68.0000,260.0000,68.0000,260.0000,129.0000,247.0000,129.0000
247.0000,73.0000,260.0000,73.0000,260.0000,130.0000,247.0000,130.0000
245.0000,75.0000,258.0000,75.0000,258.0000,136.0000,245.0000,136.0000
245.0000,80.0000,257.0000,80.0000,257.0000,143.0000,245.0000,143.0000
245.0000,82.0000,258.0000,82.0000,258.0000,143.0000,245.0000,143.0000
247.0000,144.0000,247.0000,86.0000,260.0000,86.0000,260.0000,144.0000
246.2428,91.0703,260.6997,90.4920,263.0735,149.8371,248.6166,150.4153
244.9570,94.0973,260.5407,93.3552,263.2738,150.7489,247.6901,151.4910
247.0000,97.0000,262.0000,97.0000,262.0000,155.0000,247.0000,155.0000
247.0000,99.0000,261.0000,99.0000,261.0000,157.0000,247.0000,157.0000
246.0000,102.0000,261.0000,102.0000,261.0000,160.0000,246.0000,160.0000
246.0000,105.0000,259.0000,105.0000,259.0000,164.0000,246.0000,164.0000
245.0000,109.0000,258.0000,109.0000,258.0000,168.0000,245.0000,168.0000
242.4890,172.7959,244.7164,112.6562,257.6617,113.1356,255.4343,173.2753
244.0000,180.0000,244.0000,119.0000,255.0000,119.0000,255.0000,180.0000
243.0000,125.0000,256.0000,125.0000,256.0000,184.0000,243.0000,184.0000
241.0000,129.0000,255.0000,129.0000,255.0000,186.0000,241.0000,186.0000
239.0000,130.0000,253.0000,130.0000,253.0000,189.0000,239.0000,189.0000
237.0000,131.0000,251.0000,131.0000,251.0000,192.0000,237.0000,192.0000
235.0000,132.0000,251.0000,132.0000,251.0000,192.0000,235.0000,192.0000
232.0000,134.0000,249.0000,134.0000,249.0000,193.0000,232.0000,193.0000
230.0000,136.0000,247.0000,136.0000,247.0000,193.0000,230.0000,193.0000
228.0000,140.0000,246.0000,140.0000,246.0000,196.0000,228.0000,196.0000
226.0000,141.0000,245.0000,141.0000,245.0000,196.0000,226.0000,196.0000
224.0000,143.0000,246.0000,143.0000,246.0000,197.0000,224.0000,197.0000
222.0000,145.0000,246.0000,145.0000,246.0000,198.0000,222.0000,198.0000
220.0000,147.0000,246.0000,147.0000,246.0000,199.0000,220.0000,199.0000
218.0000,151.0000,245.0000,151.0000,245.0000,202.0000,218.0000,202.0000
217.0000,152.0000,245.0000,152.0000,245.0000,203.0000,217.0000,203.0000
217.0000,153.0000,245.0000,153.0000,245.0000,205.0000,217.0000,205.0000
216.0000,155.0000,244.0000,155.0000,244.0000,208.0000,216.0000,208.0000
214.0000,159.0000,243.0000,159.0000,243.0000,211.0000,214.0000,211.0000
212.0000,161.0000,243.0000,161.0000,243.0000,212.0000,212.0000,212.0000
210.0000,165.0000,242.0000,165.0000,242.0000,215.0000,210.0000,215.0000
209.0000,217.0000,209.0000,167.0000,243.0000,167.0000,243.0000,217.0000
208.0000,171.0000,243.0000,171.0000,243.0000,220.0000,208.0000,220.0000
206.0000,172.0000,244.0000,172.0000,244.0000,223.0000,206.0000,223.0000
204.0000,175.0000,244.0000,175.0000,244.0000,224.0000,204.0000,224.0000
202.0000,178.0000,246.0000,178.0000,246.0000,227.0000,202.0000,227.0000
200.0000,180.0000,246.0000,180.0000,246.0000,228.0000,200.0000,228.0000
198.0000,181.0000,246.0000,181.0000,246.0000,229.0000,198.0000,229.0000
197.0000,182.0000,246.0000,182.0000,246.0000,230.0000,197.0000,230.0000
195.0000,182.0000,247.0000,182.0000,247.0000,230.0000,195.0000,230.0000
193.0000,181.0000,246.0000,181.0000,246.0000,229.0000,193.0000,229.0000
192.0000,182.0000,246.0000,182.0000,246.0000,231.0000,192.0000,231.0000
190.0000,182.0000,244.0000,182.0000,244.0000,230.0000,190.0000,230.0000
187.0000,182.0000,243.0000,182.0000,243.0000,231.0000,187.0000,231.0000
185.0000,182.0000,242.0000,182.0000,242.0000,232.0000,185.0000,232.0000
183.0000,183.0000,242.0000,183.0000,242.0000,233.0000,183.0000,233.0000
179.0000,184.0000,240.0000,184.0000,240.0000,233.0000,179.0000,233.0000
176.0000,184.0000,238.0000,184.0000,238.0000,235.0000,176.0000,235.0000
173.0000,185.0000,236.0000,185.0000,236.0000,236.0000,173.0000,236.0000
170.0000,187.0000,234.0000,187.0000,234.0000,238.0000,170.0000,238.0000
166.0000,189.0000,231.0000,189.0000,231.0000,239.0000,166.0000,239.0000
162.0000,191.0000,228.0000,191.0000,228.0000,242.0000,162.0000,242.0000
157.0000,192.0000,225.0000,192.0000,225.0000,243.0000,157.0000,243.0000
155.0000,192.0000,224.0000,192.0000,224.0000,244.0000,155.0000,244.0000
153.0000,195.0000,221.0000,195.0000,221.0000,247.0000,153.0000,247.0000
151.0000,199.0000,220.0000,199.0000,220.0000,249.0000,151.0000,249.0000
147.0000,199.0000,217.0000,199.0000,217.0000,250.0000,147.0000,250.0000
147.0000,200.0000,217.0000,200.0000,217.0000,250.0000,147.0000,250.0000
147.0000,202.0000,217.0000,202.0000,217.0000,251.0000,147.0000,251.0000
146.0000,203.0000,215.0000,203.0000,215.0000,252.0000,146.0000,252.0000
143.0000,204.0000,213.0000,204.0000,213.0000,253.0000,143.0000,253.0000
140.0000,206.0000,211.0000,206.0000,211.0000,255.0000,140.0000,255.0000
139.0000,208.0000,210.0000,208.0000,210.0000,257.0000,139.0000,257.0000
136.0000,209.0000,207.0000,209.0000,207.0000,258.0000,136.0000,258.0000
135.0000,210.0000,205.0000,210.0000,205.0000,260.0000,135.0000,260.0000
133.0000,210.0000,202.0000,210.0000,202.0000,261.0000,133.0000,261.0000
131.0000,211.0000,201.0000,211.0000,201.0000,261.0000,131.0000,261.0000
130.0000,209.0000,200.0000,209.0000,200.0000,261.0000,130.0000,261.0000
129.0000,212.0000,200.0000,212.0000,200.0000,261.0000,129.0000,261.0000
127.0000,212.0000,199.0000,212.0000,199.0000,263.0000,127.0000,263.0000
128.0000,212.0000,201.0000,212.0000,201.0000,264.0000,128.0000,264.0000
128.0000,212.0000,201.0000,212.0000,201.0000,265.0000,128.0000,265.0000
129.0000,213.0000,202.0000,213.0000,202.0000,266.0000,129.0000,266.0000
127.0000,214.0000,200.0000,214.0000,200.0000,267.0000,127.0000,267.0000
124.0000,218.0000,198.0000,218.0000,198.0000,269.0000,124.0000,269.0000
122.0000,219.0000,196.0000,219.0000,196.0000,271.0000,122.0000,271.0000
117.0000,221.0000,191.0000,221.0000,191.0000,274.0000,117.0000,274.0000
113.0000,224.0000,187.0000,224.0000,187.0000,278.0000,113.0000,278.0000
111.0000,224.0000,185.0000,224.0000,185.0000,279.0000,111.0000,279.0000
106.0000,224.0000,180.0000,224.0000,180.0000,279.0000,106.0000,279.0000
107.0000,225.0000,180.0000,225.0000,180.0000,280.0000,107.0000,280.0000
102.0000,225.0000,176.0000,225.0000,176.0000,280.0000,102.0000,280.0000
103.0000,222.0000,176.0000,222.0000,176.0000,278.0000,103.0000,278.0000
102.0000,222.0000,175.0000,222.0000,175.0000,278.0000,102.0000,278.0000
102.0000,220.0000,174.0000,220.0000,174.0000,277.0000,102.0000,277.0000
100.0000,218.0000,171.0000,218.0000,171.0000,276.0000,100.0000,276.0000
99.0000,220.0000,170.0000,220.0000,170.0000,277.0000,99.0000,277.0000
98.0000,220.0000,169.0000,220.0000,169.0000,276.0000,98.0000,276.0000
96.0000,220.0000,168.0000,220.0000,168.0000,276.0000,96.0000,276.0000
95.0000,218.0000,166.0000,218.0000,166.0000,275.0000,95.0000,275.0000
95.0000,217.0000,165.0000,217.0000,165.0000,273.0000,95.0000,273.0000
94.0000,217.0000,163.0000,217.0000,163.0000,271.0000,94.0000,271.0000
93.0000,215.0000,161.0000,215.0000,161.0000,270.0000,93.0000,270.0000
93.0000,216.0000,160.0000,216.0000,160.0000,270.0000,93.0000,270.0000
92.0000,215.0000,157.0000,215.0000,157.0000,271.0000,92.0000,271.0000
89.0000,271.0000,89.0000,216.0000,153.0000,216.0000,153.0000,271.0000
89.0000,213.0000,155.0000,213.0000,155.0000,269.0000,89.0000,269.0000
85.0000,212.0000,152.0000,212.0000,152.0000,267.0000,85.0000,267.0000
80.0000,213.0000,147.0000,213.0000,147.0000,267.0000,80.0000,267.0000
78.0000,212.0000,144.0000,212.0000,144.0000,267.0000,78.0000,267.0000
77.0000,214.0000,143.0000,214.0000,143.0000,267.0000,77.0000,267.0000
75.0000,214.0000,138.0000,214.0000,138.0000,269.0000,75.0000,269.0000
74.0000,217.0000,138.0000,217.0000,138.0000,272.0000,74.0000,272.0000
68.6356,221.0384,130.0603,214.5726,135.3808,265.1178,73.9562,271.5836
71.0000,219.0000,134.0000,219.0000,134.0000,267.0000,71.0000,267.0000
72.0000,220.0000,134.0000,220.0000,134.0000,269.0000,72.0000,269.0000
73.0000,220.0000,133.0000,220.0000,133.0000,270.0000,73.0000,270.0000
76.0000,223.0000,137.0000,223.0000,137.0000,274.0000,76.0000,274.0000
78.0000,220.0000,133.0000,220.0000,133.0000,274.0000,78.0000,274.0000
80.0000,222.0000,136.0000,222.0000,136.0000,275.0000,80.0000,275.0000
77.6535,224.5347,129.6337,219.3366,135.1386,274.3861,83.1584,279.5842
91.0000,224.0000,142.0000,224.0000,142.0000,277.0000,91.0000,277.0000
100.0000,223.0000,152.0000,223.0000,152.0000,276.0000,100.0000,276.0000
86.3984,222.5471,141.4684,220.9274,142.9844,272.4710,87.9144,274.0908
95.4284,221.2119,144.6083,217.8201,148.3006,271.3586,99.1207,274.7503
108.0000,219.0000,156.0000,219.0000,156.0000,271.0000,108.0000,271.0000
92.0000,221.0000,148.0000,221.0000,148.0000,271.0000,92.0000,271.0000
98.0000,219.0000,155.0000,219.0000,155.0000,269.0000,98.0000,269.0000
98.0000,216.0000,155.0000,216.0000,155.0000,266.0000,98.0000,266.0000
102.0000,217.0000,159.0000,217.0000,159.0000,268.0000,102.0000,268.0000
98.5520,226.1112,153.6559,224.3337,155.2141,272.6382,100.1102,274.4158
98.0000,231.0000,153.0000,231.0000,153.0000,279.0000,98.0000,279.0000
102.0000,227.0000,157.0000,227.0000,157.0000,274.0000,102.0000,274.0000
146.0292,233.7807,209.9746,229.6104,212.3619,266.2155,148.4165,270.3859
143.1683,238.7255,210.1194,228.9618,215.2125,263.8857,148.2614,273.6494
142.7360,228.3046,209.4670,223.5381,212.3452,263.8325,145.6142,268.5990
147.0000,222.0000,213.0000,222.0000,213.0000,263.0000,147.0000,263.0000
150.0000,220.0000,216.0000,220.0000,216.0000,263.0000,150.0000,263.0000
152.0000,215.0000,217.0000,215.0000,217.0000,260.0000,152.0000,260.0000
152.0000,210.0000,217.0000,210.0000,217.0000,258.0000,152.0000,258.0000
149.0000,209.0000,215.0000,209.0000,215.0000,257.0000,149.0000,257.0000
150.0000,206.0000,216.0000,206.0000,216.0000,255.0000,150.0000,255.0000
153.0000,207.0000,220.0000,207.0000,220.0000,257.0000,153.0000,257.0000
151.0000,205.0000,220.0000,205.0000,220.0000,256.0000,151.0000,256.0000
152.0000,204.0000,222.0000,204.0000,222.0000,256.0000,152.0000,256.0000
154.0000,201.0000,224.0000,201.0000,224.0000,255.0000,154.0000,255.0000
156.0000,200.0000,226.0000,200.0000,226.0000,256.0000,156.0000,256.0000
157.0000,196.0000,226.0000,196.0000,226.0000,254.0000,157.0000,254.0000
159.0000,195.0000,228.0000,195.0000,228.0000,254.0000,159.0000,254.0000
163.0000,194.0000,229.0000,194.0000,229.0000,255.0000,163.0000,255.0000
168.0000,193.0000,231.0000,193.0000,231.0000,256.0000,168.0000,256.0000
169.0000,195.0000,231.0000,195.0000,231.0000,257.0000,169.0000,257.0000
168.0000,194.0000,231.0000,194.0000,231.0000,256.0000,168.0000,256.0000
172.0000,193.0000,233.0000,193.0000,233.0000,254.0000,172.0000,254.0000
174.0000,195.0000,235.0000,195.0000,235.0000,255.0000,174.0000,255.0000
177.0000,197.0000,237.0000,197.0000,237.0000,255.0000,177.0000,255.0000
179.0000,195.0000,240.0000,195.0000,240.0000,254.0000,179.0000,254.0000
181.0000,196.0000,241.0000,196.0000,241.0000,254.0000,181.0000,254.0000
181.0000,198.0000,242.0000,198.0000,242.0000,255.0000,181.0000,255.0000
184.0000,197.0000,245.0000,197.0000,245.0000,254.0000,184.0000,254.0000
186.0000,199.0000,247.0000,199.0000,247.0000,255.0000,186.0000,255.0000
187.0000,199.0000,250.0000,199.0000,250.0000,254.0000,187.0000,254.0000
190.0000,201.0000,254.0000,201.0000,254.0000,254.0000,190.0000,254.0000
191.0000,201.0000,256.0000,201.0000,256.0000,254.0000,191.0000,254.0000
194.0000,252.0000,194.0000,200.0000,258.0000,200.0000,258.0000,252.0000
194.0000,250.0000,194.0000,199.0000,258.0000,199.0000,258.0000,250.0000
199.0000,196.0000,262.0000,196.0000,262.0000,247.0000,199.0000,247.0000
196.5949,213.9891,256.1570,186.1935,276.1351,229.0037,216.5730,256.7993
207.0000,192.0000,266.0000,192.0000,266.0000,244.0000,207.0000,244.0000
202.5000,224.5000,248.5000,178.5000,280.5000,210.5000,234.5000,256.5000
218.0000,188.0000,273.0000,188.0000,273.0000,242.0000,218.0000,242.0000
209.6385,228.6077,251.2077,175.1615,285.4769,201.8154,243.9077,255.2615
220.0000,185.0000,274.0000,185.0000,274.0000,240.0000,220.0000,240.0000
226.0000,184.0000,279.0000,184.0000,279.0000,240.0000,226.0000,240.0000
229.0000,184.0000,283.0000,184.0000,283.0000,238.0000,229.0000,238.0000
232.0000,185.0000,287.0000,185.0000,287.0000,239.0000,232.0000,239.0000
237.0000,183.0000,292.0000,183.0000,292.0000,235.0000,237.0000,235.0000
240.0000,184.0000,297.0000,184.0000,297.0000,236.0000,240.0000,236.0000
244.0000,182.0000,301.0000,182.0000,301.0000,231.0000,244.0000,231.0000
245.0000,182.0000,303.0000,182.0000,303.0000,231.0000,245.0000,231.0000
248.0000,180.0000,307.0000,180.0000,307.0000,230.0000,248.0000,230.0000
250.0000,180.0000,310.0000,180.0000,310.0000,230.0000,250.0000,230.0000
251.0000,180.0000,312.0000,180.0000,312.0000,229.0000,251.0000,229.0000
252.0000,180.0000,316.0000,180.0000,316.0000,228.0000,252.0000,228.0000
253.0000,176.0000,319.0000,176.0000,319.0000,225.0000,253.0000,225.0000
256.0000,176.0000,325.0000,176.0000,325.0000,224.0000,256.0000,224.0000
264.0000,170.0000,337.0000,170.0000,337.0000,221.0000,264.0000,221.0000
269.0000,167.0000,348.0000,167.0000,348.0000,219.0000,269.0000,219.0000
269.0000,164.0000,352.0000,164.0000,352.0000,217.0000,269.0000,217.0000
272.0000,163.0000,356.0000,163.0000,356.0000,218.0000,272.0000,218.0000
276.0000,159.0000,362.0000,159.0000,362.0000,215.0000,276.0000,215.0000
282.0000,156.0000,367.0000,156.0000,367.0000,213.0000,282.0000,213.0000
287.0000,152.0000,373.0000,152.0000,373.0000,210.0000,287.0000,210.0000
294.0000,149.0000,379.0000,149.0000,379.0000,207.0000,294.0000,207.0000
296.0000,144.0000,381.0000,144.0000,381.0000,202.0000,296.0000,202.0000
305.0000,141.0000,390.0000,141.0000,390.0000,199.0000,305.0000,199.0000
311.0000,139.0000,394.0000,139.0000,394.0000,197.0000,311.0000,197.0000
321.0000,135.0000,401.0000,135.0000,401.0000,195.0000,321.0000,195.0000
327.0000,133.0000,406.0000,133.0000,406.0000,192.0000,327.0000,192.0000
334.0000,131.0000,413.0000,131.0000,413.0000,190.0000,334.0000,190.0000
339.0000,130.0000,417.0000,130.0000,417.0000,188.0000,339.0000,188.0000
342.0000,128.0000,421.0000,128.0000,421.0000,186.0000,342.0000,186.0000
347.0000,128.0000,425.0000,128.0000,425.0000,185.0000,347.0000,185.0000
352.0000,128.0000,429.0000,128.0000,429.0000,186.0000,352.0000,186.0000
354.0000,126.0000,431.0000,126.0000,431.0000,185.0000,354.0000,185.0000
357.0000,127.0000,434.0000,127.0000,434.0000,185.0000,357.0000,185.0000
360.0000,126.0000,437.0000,126.0000,437.0000,184.0000,360.0000,184.0000
359.0000,127.0000,438.0000,127.0000,438.0000,184.0000,359.0000,184.0000
361.0000,126.0000,440.0000,126.0000,440.0000,184.0000,361.0000,184.0000
358.0000,125.0000,439.0000,125.0000,439.0000,182.0000,358.0000,182.0000
359.0000,124.0000,441.0000,124.0000,441.0000,182.0000,359.0000,182.0000
357.0000,124.0000,441.0000,124.0000,441.0000,183.0000,357.0000,183.0000
349.3606,128.9672,438.9836,120.8197,443.9344,175.2787,354.3114,183.4262
354.8980,122.4315,441.7129,119.9510,443.3605,177.6183,356.5457,180.0987
348.6965,158.1586,414.8000,99.4000,452.5930,141.9173,386.4896,200.6759
349.1082,131.3514,436.3402,112.2693,448.7419,168.9627,361.5098,188.0448
344.7000,158.9000,418.4308,101.5538,452.1924,144.9615,378.4616,202.3077
344.5122,157.3902,416.9512,99.4390,451.4878,142.6098,379.0488,200.5610
342.7200,157.9600,418.4000,101.2000,450.5600,144.0800,374.8800,200.8400
341.7973,155.7162,419.8378,99.9729,450.7162,143.2027,372.6757,198.9459
342.2798,154.2185,420.0786,99.1110,451.0323,142.8104,373.2335,197.9179
