1
441.0000,177.0000,482.0000,177.0000,482.0000,221.0000,441.0000,221.0000
438.0000,177.0000,479.0000,177.0000,479.0000,221.0000,438.0000,221.0000
434.0000,177.0000,475.0000,177.0000,475.0000,222.0000,434.0000,222.0000
429.0000,176.0000,471.0000,176.0000,471.0000,221.0000,429.0000,221.0000
427.0000,175.0000,469.0000,175.0000,469.0000,221.0000,427.0000,221.0000
422.0000,172.0000,466.0000,172.0000,466.0000,218.0000,422.0000,218.0000
419.0000,172.0000,464.0000,172.0000,464.0000,220.0000,419.0000,220.0000
416.0000,171.0000,461.0000,171.0000,461.0000,220.0000,416.0000,220.0000
414.0000,168.0000,459.0000,168.0000,459.0000,218.0000,414.0000,218.0000
411.0000,165.0000,456.0000,165.0000,456.0000,216.0000,411.0000,216.0000
409.0000,164.0000,455.0000,164.0000,455.0000,216.0000,409.0000,216.0000
406.0000,161.0000,452.0000,161.0000,452.0000,213.0000,406.0000,213.0000
404.0000,159.0000,450.0000,159.0000,450.0000,210.0000,404.0000,210.0000
403.0000,158.0000,450.0000,158.0000,450.0000,209.0000,403.0000,209.0000
403.0000,157.0000,449.0000,157.0000,449.0000,211.0000,403.0000,211.0000
403.0000,154.0000,449.0000,154.0000,449.0000,208.0000,403.0000,208.0000
404.0000,152.0000,450.0000,152.0000,450.0000,207.0000,404.0000,207.0000
405.0000,150.0000,452.0000,150.0000,452.0000,205.0000,405.0000,205.0000
409.0000,145.0000,455.0000,145.0000,455.0000,202.0000,409.0000,202.0000
414.0000,142.0000,459.0000,142.0000,459.0000,199.0000,414.0000,199.0000
420.0000,137.0000,467.0000,137.0000,467.0000,192.0000,420.0000,192.0000
427.0000,133.0000,476.0000,133.0000,476.0000,192.0000,427.0000,192.0000
437.0000,130.0000,487.0000,130.0000,487.0000,192.0000,437.0000,192.0000
445.0000,126.0000,497.0000,126.0000,497.0000,189.0000,445.0000,189.0000
453.0000,121.0000,506.0000,121.0000,506.0000,185.0000,453.0000,185.0000
462.0000,113.0000,518.0000,113.0000,518.0000,181.0000,462.0000,181.0000
469.9999,107.0000,529.9999,107.0000,529.9999,178.0000,469.9999,178.0000
477.0000,99.0000,540.0000,99.0000,540.0000,176.0000,477.0000,176.0000
484.0000,170.0000,484.0000,88.0000,551.0000,88.0000,551.0000,170.0000
489.0000,74.0000,559.0000,74.0000,559.0000,145.0000,489.0000,145.0000
496.0000,60.0000,575.0000,60.0000,575.0000,153.0000,496.0000,153.0000
499.0000,47.0000,586.0000,47.0000,586.0000,148.0000,499.0000,148.0000
499.0000,37.0000,593.0000,37.0000,593.0000,148.0000,499.0000,148.0000
499.0000,27.0000,601.0000,27.0000,601.0000,146.0000,499.0000,146.0000
492.0000,19.0000,603.0000,19.0000,603.0000,146.0000,492.0000,146.0000
483.0000,15.0000,602.0000,15.0000,602.0000,148.0000,483.0000,148.0000
470.0000,11.0000,598.0000,11.0000,598.0000,152.0000,470.0000,152.0000
452.0000,9.0000,589.0000,9.0000,589.0000,158.0000,452.0000,158.0000
435.0000,161.0000,435.0000,4.0000,585.0000,4.0000,585.0000,161.0000
417.0000,8.0000,576.0000,8.0000,576.0000,177.0000,417.0000,177.0000
401.0000,4.0000,571.0000,4.0000,571.0000,183.0000,401.0000,183.0000
382.9999,3.0000,562.9999,3.0000,562.9999,177.0000,382.9999,177.0000
363.0000,7.0000,554.0000,7.0000,554.0000,178.0000,363.0000,178.0000
351.0000,7.0000,550.0000,7.0000,550.0000,213.0000,351.0000,213.0000
337.9999,3.0000,548.9999,3.0000,548.9999,205.0000,337.9999,205.0000
320.0000,4.0000,537.0000,4.0000,537.0000,228.0000,320.0000,228.0000
312.4555,3.1902,542.9265,1.0562,544.8159,205.1035,314.3448,207.2375
306.0000,2.0000,542.0000,2.0000,542.0000,236.0000,306.0000,236.0000
292.9738,1.3238,535.9112,-1.0579,538.1949,231.8903,295.2576,234.2720
272.9707,4.3823,518.0815,-7.2896,525.9865,158.7149,280.8757,170.3869
262.0000,0.0000,508.0000,0.0000,508.0000,239.0000,262.0000,239.0000
249.8241,231.2431,252.1697,1.3691,455.1486,3.4403,452.8029,233.3143
239.2752,225.6408,240.4828,4.6529,495.2457,6.0451,494.0381,227.0330
237.0000,0.0000,497.0000,0.0000,497.0000,229.0000,237.0000,229.0000
183.0000,5.0000,447.0000,5.0000,447.0000,227.0000,183.0000,227.0000
160.0000,4.0000,425.0000,4.0000,425.0000,236.0000,160.0000,236.0000
127.0000,5.0000,386.0000,5.0000,386.0000,235.0000,127.0000,235.0000
97.0000,10.0000,343.0000,10.0000,343.0000,246.0000,97.0000,246.0000
73.0000,2.0000,323.0000,2.0000,323.0000,247.0000,73.0000,247.0000
72.0000,4.0000,337.0000,4.0000,337.0000,230.0000,72.0000,230.0000
75.0000,3.0000,341.0000,3.0000,341.0000,222.0000,75.0000,222.0000
139.0000,2.0000,346.0000,2.0000,346.0000,202.0000,139.0000,202.0000
132.0000,0.0000,356.0000,0.0000,356.0000,217.0000,132.0000,217.0000
135.0000,0.0000,362.0000,0.0000,362.0000,217.0000,135.0000,217.0000
157.0000,1.0000,375.0000,1.0000,375.0000,217.0000,157.0000,217.0000
31.0048,6.3608,214.8713,-5.5565,230.5668,236.6021,46.7003,248.5194
24.6963,36.3341,214.9458,-27.5898,272.0875,142.4746,81.8379,206.3985
89.5943,232.7748,91.3165,0.2690,286.6095,1.7156,284.8873,234.2214
95.0000,0.0000,311.0000,0.0000,311.0000,223.0000,95.0000,223.0000
113.0000,0.0000,334.0000,0.0000,334.0000,225.0000,113.0000,225.0000
129.0000,0.0000,351.0000,0.0000,351.0000,227.0000,129.0000,227.0000
117.8881,9.6359,330.9816,-46.2575,377.6178,131.5429,164.5243,187.4362
157.0000,5.0000,379.0000,5.0000,379.0000,195.0000,157.0000,195.0000
93.6435,121.1345,247.5699,-73.2988,349.0000,7.0000,195.0736,201.4333
184.0000,6.0000,407.0000,6.0000,407.0000,199.0000,184.0000,199.0000
196.0000,4.0000,422.0000,4.0000,422.0000,257.0000,196.0000,257.0000
160.0043,158.3691,238.0398,-8.2472,301.2814,21.3723,223.2459,187.9886
205.6288,11.3232,437.2260,-14.1637,456.4257,160.3024,224.8285,185.7892
223.7964,3.8666,454.0898,-10.7374,464.7470,157.3185,234.4536,171.9225
243.0000,0.0000,478.0000,0.0000,478.0000,257.0000,243.0000,257.0000
254.9964,246.1886,259.6594,-0.9498,495.8583,3.5068,491.1953,250.6452
276.0000,4.0000,505.0000,4.0000,505.0000,241.0000,276.0000,241.0000
294.4960,231.5868,296.0955,1.2576,528.4175,2.8710,526.8181,233.2001
319.0000,3.0000,551.0000,3.0000,551.0000,234.0000,319.0000,234.0000
284.0000,241.0000,547.0000,241.0000,547.0000,474.0000,284.0000,474.0000
288.0000,260.0000,555.0000,260.0000,555.0000,479.0000,288.0000,479.0000
289.0000,274.0000,565.0000,274.0000,565.0000,479.0000,289.0000,479.0000
288.0000,284.9999,572.9999,284.9999,572.9999,476.9999,288.0000,476.9999
285.0000,297.0000,575.0000,297.0000,575.0000,478.0000,285.0000,478.0000
276.0000,299.0000,569.0000,299.0000,569.0000,479.0000,276.0000,479.0000
278.0000,292.0000,572.0000,292.0000,572.0000,477.0000,278.0000,477.0000
304.0000,280.0000,567.0000,280.0000,567.0000,472.0000,304.0000,472.0000
301.0000,259.0000,556.0000,259.0000,556.0000,462.0000,301.0000,462.0000
244.3112,417.9322,446.8977,180.5261,577.4244,291.9088,374.8379,529.3149
274.7774,351.5869,401.3523,159.9666,532.2097,246.4046,405.6349,438.0249
256.3195,329.6563,385.8450,155.0785,500.7738,240.3483,371.2484,414.9261
249.2456,239.8477,414.2990,137.5146,506.4929,286.2144,341.4395,388.5475
239.0457,194.9638,392.2493,139.3900,470.3381,354.6617,317.1345,410.2356
250.4429,148.7290,304.1644,2.5363,533.7472,86.9011,480.0258,233.0938
236.0000,49.0000,456.0000,49.0000,456.0000,271.0000,236.0000,271.0000
220.0000,62.0000,429.0000,62.0000,429.0000,286.0000,220.0000,286.0000
212.0000,71.0000,406.0000,71.0000,406.0000,295.0000,212.0000,295.0000
179.5000,177.5000,303.0000,54.0000,436.0000,187.0000,312.5000,310.5000
192.1493,126.8984,339.3087,64.6387,413.4793,239.9511,266.3200,302.2108
201.3777,96.3812,357.9212,82.8861,374.1900,271.6043,217.6465,285.0994
212.7796,98.9328,354.1543,90.0173,365.9117,276.4561,224.5370,285.3716
216.4798,100.3256,352.2676,96.2520,357.9816,286.7206,222.1938,290.7942
215.6715,294.5917,228.0819,102.2311,351.5357,110.1959,339.1254,302.5565
221.9961,297.4613,234.0193,109.8987,347.1953,117.1535,335.1720,304.7162
197.0353,286.1800,246.2363,108.2994,354.4470,138.2300,305.2460,316.1106
191.0017,302.8876,217.4343,115.2161,335.2383,131.8082,308.8057,319.4797
179.8947,301.6502,245.7247,115.7775,336.7636,148.0205,270.9337,333.8932
188.8093,293.8101,269.8562,124.5650,340.9250,158.5979,259.8780,327.8430
197.4510,291.8086,272.3654,129.8315,359.9546,170.3415,285.0402,332.3185
208.8428,309.3961,237.8228,133.9065,333.4623,149.7002,304.4824,325.1898
216.2973,311.2162,245.5405,135.7567,339.9189,151.4865,310.6757,326.9460
222.3782,306.8796,255.2187,137.2036,347.8145,155.1254,314.9739,324.8014
242.0000,150.0000,350.0000,150.0000,350.0000,313.0000,242.0000,313.0000
252.0000,151.0000,363.0000,151.0000,363.0000,313.0000,252.0000,313.0000
257.0000,158.0000,366.0000,158.0000,366.0000,313.0000,257.0000,313.0000
262.0000,161.0000,370.0000,161.0000,370.0000,321.0000,262.0000,321.0000
266.0000,168.0000,370.0000,168.0000,370.0000,322.0000,266.0000,322.0000
254.7710,304.3430,311.1605,167.6412,405.6458,206.6164,349.2562,343.3182
274.0000,332.9999,274.0000,179.0000,370.0000,179.0000,370.0000,332.9999
278.0000,183.0000,369.0000,183.0000,369.0000,337.0000,278.0000,337.0000
283.0000,343.9999,283.0000,189.0000,372.0000,189.0000,372.0000,343.9999
280.0435,196.7541,364.5529,188.0117,380.5941,343.0764,296.0847,351.8188
291.0000,345.0000,291.0000,192.0000,379.0000,192.0000,379.0000,345.0000
302.0000,194.0000,383.0000,194.0000,383.0000,347.0000,302.0000,347.0000
306.3808,357.7818,311.5912,199.7338,387.8929,202.2492,382.6825,360.2972
