1
583.5001,224.5000,592.5001,197.5000,638.1000,212.7000,629.1000,239.7000
581.2950,216.7235,593.0067,192.5194,637.7294,214.1594,626.0177,238.3634
578.1272,216.4053,588.2130,191.9113,634.5355,210.9852,624.4497,235.4793
577.4854,215.8629,584.8073,193.2318,632.3594,208.6163,625.0375,231.2474
574.7705,216.4754,580.0164,194.1803,627.5049,205.3541,622.2590,227.6492
572.4738,215.3855,578.0165,192.5986,625.8614,204.2366,620.3187,227.0235
572.3312,213.9796,581.5441,189.8845,627.4763,207.4467,618.2634,231.5418
575.6014,210.0098,591.8118,188.0782,627.4927,214.4511,611.2823,236.3826
588.3078,199.5385,606.9616,195.8077,616.1154,241.5769,597.4616,245.3077
588.0000,200.0000,606.0000,200.0000,606.0000,251.0000,588.0000,251.0000
581.0244,245.8460,589.5703,191.7216,610.3676,195.0054,601.8217,249.1297
575.9430,237.2027,589.8950,187.5955,611.5856,193.6960,597.6335,243.3032
571.4655,229.9138,590.1896,186.2241,611.7930,195.4828,593.0689,239.1724
569.1502,224.7816,590.3091,183.9751,611.2962,194.8573,590.1373,235.6638
567.2764,218.9941,590.3353,182.7588,609.8764,195.1941,586.8176,231.4294
566.6607,219.2717,589.0220,182.5352,608.9130,194.6428,586.5517,231.3793
564.9310,217.8276,587.1959,181.2496,607.3724,193.5310,585.1075,230.1090
565.8823,216.5294,587.0588,181.2353,607.0588,193.2353,585.8823,228.5294
564.7846,216.8769,585.2769,181.0154,605.2000,192.4000,584.7077,228.2616
563.8317,214.6832,585.5506,180.2951,605.1525,192.6753,583.4337,227.0634
563.6154,214.0769,586.0769,180.3846,605.2307,193.1538,582.7692,226.8462
563.9980,213.4198,585.2653,179.7465,604.1524,191.6752,582.8851,225.3485
572.0000,184.0000,596.0000,184.0000,596.0000,223.0000,572.0000,223.0000
573.0000,183.0000,596.0000,183.0000,596.0000,223.0000,573.0000,223.0000
561.6619,214.8568,582.4067,179.0249,602.2345,190.5041,581.4896,226.3361
572.0000,183.0000,596.0000,183.0000,596.0000,222.0000,572.0000,222.0000
561.8651,213.5843,582.9506,179.0809,602.3663,190.9460,581.2809,225.4494
570.0000,184.0000,594.0000,184.0000,594.0000,223.0000,570.0000,223.0000
560.7736,216.2076,581.1038,179.6132,600.5472,190.4151,580.2170,227.0094
570.0000,183.0000,592.0000,183.0000,592.0000,223.0000,570.0000,223.0000
570.0000,183.0000,591.0000,183.0000,591.0000,224.0000,570.0000,224.0000
569.0000,183.0000,590.0000,183.0000,590.0000,225.0000,569.0000,225.0000
561.6981,222.0566,574.0377,178.8679,593.1886,184.3396,580.8490,227.5283
568.0000,182.0000,586.0000,182.0000,586.0000,226.0000,568.0000,226.0000
568.0000,182.0000,587.0000,182.0000,587.0000,226.0000,568.0000,226.0000
552.6577,190.8701,570.3938,176.2639,593.6309,204.4804,575.8948,219.0866
547.3962,198.8610,559.1265,178.5996,588.7303,195.7386,576.9999,216.0000
544.8485,197.7905,555.0654,178.2080,587.4978,195.1293,577.2809,214.7117
543.3820,199.8017,551.7623,178.3853,590.3345,193.4787,581.9541,214.8951
541.9743,202.0670,550.6856,179.4175,590.5567,194.7526,581.8454,217.4021
540.5757,202.2619,549.4486,179.6762,589.9171,195.5746,581.0442,218.1602
539.1724,203.0690,548.5517,179.6207,590.7930,196.5173,581.4138,219.9655
539.0770,203.3548,548.6946,180.4203,589.5433,197.5504,579.9256,220.4849
538.5757,203.2619,547.8618,179.6243,590.2177,196.2641,580.9315,219.9017
537.6221,203.1029,547.7643,179.6978,590.6455,198.2797,580.5033,221.6848
538.4271,204.2299,547.5059,180.7765,589.8118,197.1530,580.7330,220.6064
538.0183,202.6752,548.3395,180.5584,590.9307,200.4343,580.6095,222.5511
537.8738,204.1366,548.2559,181.1478,590.4287,200.1936,580.0466,223.1824
537.0070,204.9062,546.8318,181.4779,590.6708,199.8619,580.8459,223.2903
537.3636,206.0557,547.3955,182.1336,590.8778,200.3681,580.8459,224.2903
538.2951,204.7234,549.1594,182.2706,592.2614,203.1264,581.3972,225.5792
538.6351,206.4964,549.3394,183.5584,593.1351,203.9964,582.4307,226.9343
540.2950,206.7234,551.1720,184.2445,593.8820,204.9106,583.0050,227.3895
541.1093,206.4758,552.5604,184.2892,594.2589,205.8110,582.8078,227.9976
543.2679,206.3893,555.7821,183.7074,599.4803,207.8168,586.9662,230.4987
549.3888,202.0583,568.6409,183.7230,600.9596,217.6576,581.7075,235.9929
569.0000,195.0000,589.0000,195.0000,589.0000,241.0000,569.0000,241.0000
554.1450,224.7513,577.6113,184.5233,600.9274,198.1244,577.4611,238.3523
559.2559,202.8887,598.5644,185.7981,609.2162,210.2973,569.9078,227.3879
566.8365,195.4126,608.9461,189.9200,611.9238,212.7491,569.8141,218.2416
568.2581,193.1976,614.5528,191.2686,615.4991,213.9792,569.2044,215.9082
569.5139,192.6410,617.7737,191.5919,618.2607,213.9943,570.0010,215.0435
570.2024,194.2615,620.5126,192.3265,621.3840,214.9852,571.0739,216.9202
572.5548,194.6343,622.7622,193.5883,623.2290,215.9952,573.0216,217.0412
575.0000,195.0000,626.0000,195.0000,626.0000,217.0000,575.0000,217.0000
578.0000,196.0000,628.0000,196.0000,628.0000,218.0000,578.0000,218.0000
580.0000,196.0000,629.0000,196.0000,629.0000,218.0000,580.0000,218.0000
582.6896,215.9862,583.6398,194.6062,632.9424,196.7975,631.9922,218.1774
584.7278,215.9876,585.6577,195.5299,634.8743,197.7670,633.9443,218.2247
586.7299,215.9423,587.6598,195.4845,635.9237,197.6783,634.9938,218.1361
589.4821,215.9550,591.2833,195.2420,639.6998,199.4522,637.8986,220.1651
591.5834,215.9709,593.0528,194.9107,640.4500,198.2175,638.9807,219.2777
593.5491,215.9590,595.4180,195.4016,642.8443,199.7131,640.9754,220.2705
597.4247,216.0405,599.3932,195.3708,645.9236,199.8023,643.9551,220.4719
599.5246,216.2295,601.3361,196.3033,647.6804,200.5164,645.8688,220.4426
602.4308,215.5539,604.9232,195.6154,650.3386,201.2923,647.8463,221.2308
608.3586,217.6966,610.0138,197.8345,651.5586,201.2966,649.9034,221.1586
608.3600,215.4800,611.1000,196.3000,654.6400,202.5200,651.9000,221.7000
610.5742,217.2574,612.5445,197.5545,655.9108,201.8911,653.9405,221.5941
618.7847,217.7231,621.1693,198.6462,657.3539,203.1693,654.9692,222.2462
614.4800,217.6400,617.2200,198.4600,658.6599,204.3800,655.9199,223.5600
620.4464,219.6136,622.7603,200.3313,661.1672,204.9401,658.8534,224.2224
622.4312,219.3606,625.0353,199.3959,662.5706,204.2918,659.9665,224.2565
625.6400,219.5200,628.3800,200.3400,664.6400,205.5200,661.9000,224.7000
627.6102,222.5732,628.5402,202.1155,663.9216,203.7237,662.9917,224.1815
629.1371,222.0607,631.0292,202.1933,666.8472,205.6045,664.9551,225.4719
631.1932,220.3790,634.0099,201.6015,669.7067,206.9560,666.8900,225.7335
632.3840,219.8880,635.7760,201.2320,671.1520,207.6640,667.7600,226.3200
633.4616,219.6923,637.0770,201.6154,672.4616,208.6923,668.8463,226.7692
636.5396,222.7099,639.1744,203.3874,674.5619,208.2130,671.9270,227.5355
639.0543,214.1403,651.7692,200.1538,678.3484,224.3167,665.6335,238.3032
640.9784,222.7038,644.6223,205.2130,681.3611,212.8669,677.7172,230.3577
644.3171,213.8537,654.1708,201.5366,683.3171,224.8537,673.4635,237.1708
643.3028,224.6084,646.2856,205.9657,682.9080,211.8253,679.9252,230.4680
645.0000,215.0000,653.7838,202.7027,685.3784,225.2703,676.5946,237.5676
644.7162,214.7973,653.4324,202.5946,684.6486,224.8919,675.9324,237.0946
644.5270,215.6622,653.3109,203.3649,684.7162,225.7973,675.9324,238.0946
646.0001,216.0000,653.4720,204.0450,686.5506,224.7191,679.0787,236.6742
645.4000,215.8000,655.0000,203.0000,685.7200,226.0400,676.1200,238.8400
644.5588,215.7353,652.0588,203.2353,686.3235,223.7941,678.8235,236.2941
644.3858,216.0920,651.3294,203.7478,685.5134,222.9763,678.5698,235.3205
640.5082,216.5902,652.2295,202.5246,678.5902,224.4918,666.8689,238.5574
626.7208,227.9086,628.1270,208.2234,662.3097,210.6650,660.9036,230.3503
629.0000,215.0000,649.0000,215.0000,649.0000,243.0000,629.0000,243.0000
625.0000,210.0000,650.0000,210.0000,650.0000,239.0000,625.0000,239.0000
620.1946,209.2520,648.4152,208.2068,649.2220,229.9918,621.0015,231.0370
616.4285,209.7831,646.7804,207.5348,648.3629,228.8990,618.0110,231.1473
613.8049,210.2439,644.2073,206.8659,646.4390,226.9512,616.0366,230.3293
614.2850,209.2660,645.4548,208.1912,646.1721,228.9941,615.0023,230.0689
612.6372,209.5575,643.8983,207.4735,645.2656,227.9823,614.0045,230.0664
610.5964,207.6485,640.7976,205.5657,642.2745,226.9811,612.0734,229.0639
612.0000,207.0000,642.0000,207.0000,642.0000,228.0000,612.0000,228.0000
607.4338,205.8568,637.7122,203.6139,639.2947,224.9782,609.0164,227.2210
605.4924,205.8934,636.6904,203.6650,638.2132,224.9848,607.0152,227.2132
603.4339,205.8568,633.7858,203.6085,635.3683,224.9727,605.0164,227.2210
601.6829,205.1463,631.2073,201.8658,633.5487,222.9390,604.0243,226.2195
600.4412,205.7353,629.8060,203.4765,631.3824,223.9706,602.0176,226.2294
598.3764,204.8941,627.6646,202.6412,629.3058,223.9765,600.0176,226.2294
597.3751,204.6900,626.5881,202.3529,628.2321,222.9014,599.0190,225.2384
595.3879,203.8490,624.6804,201.5056,626.3180,221.9745,597.0255,224.3180
593.4471,202.8118,622.5823,200.5706,624.2236,221.9059,595.0883,224.1470
593.0000,203.0000,622.0000,203.0000,622.0000,223.0000,593.0000,223.0000
589.3173,201.8069,617.6207,199.4483,619.3311,219.9724,591.0276,222.3311
590.0000,202.0000,618.0000,202.0000,618.0000,222.0000,590.0000,222.0000
585.0795,202.7473,613.3167,198.2293,616.4681,217.9251,588.2309,222.4431
586.2542,200.7951,613.3934,198.3279,615.2623,218.8853,588.1230,221.3525
590.1698,202.9057,611.0604,198.9887,615.8717,224.6490,594.9811,228.5660
592.0000,202.0000,612.0000,202.0000,612.0000,228.0000,592.0000,228.0000
595.8115,214.6604,601.0944,196.1698,625.1321,203.0378,619.8492,221.5283
598.3846,215.0769,602.1539,196.2308,629.6539,201.7308,625.8846,220.5769
599.4324,215.4054,602.6757,195.9460,632.0270,200.8378,628.7838,220.2973
599.5001,206.5000,613.0001,193.0000,634.0001,214.0000,620.5001,227.5000
597.0663,206.2597,609.4973,192.4475,632.3702,213.0332,619.9393,226.8453
597.9061,205.7846,612.2155,192.9061,632.2542,215.1713,617.9448,228.0498
598.0139,206.2345,609.3793,193.4483,631.9103,213.4759,620.5449,226.2621
597.0001,207.0000,610.0001,194.0000,631.5001,215.5000,618.5001,228.5000
595.0001,206.0000,608.0001,193.0000,629.5001,214.5000,616.5001,227.5000
595.0384,214.8077,598.6922,196.5385,628.4999,202.5000,624.8461,220.7692
594.0138,207.2345,605.8759,193.8896,628.9655,214.4138,617.1034,227.7586
594.5297,206.7971,605.3119,193.6189,629.4357,213.3565,618.6534,226.5347
593.5730,206.9622,603.4757,193.3460,628.4487,211.5081,618.5460,225.1243
593.5700,208.1658,601.8757,193.9275,628.9844,209.7409,620.6788,223.9793
593.5173,206.7931,605.4345,193.3862,627.9655,213.4138,616.0483,226.8207
593.7354,207.5588,603.0000,193.0000,629.7235,210.0059,620.4589,224.5647
594.6386,206.8862,605.4208,193.7080,628.9456,212.9555,618.1634,226.1337
594.0974,206.6162,604.3460,192.5244,629.1406,210.5568,618.8919,224.6487
596.0056,206.1050,607.5415,193.2873,629.4199,212.9779,617.8840,225.7956
595.6509,207.3557,605.7986,192.8591,630.9665,210.4765,620.8188,224.9732
597.7514,207.0918,607.9135,193.1189,632.0540,210.6756,621.8919,224.6486
597.6586,206.9268,608.7805,193.0244,632.0732,211.6586,620.9513,225.5610
599.0138,205.2345,610.8759,191.8897,632.9103,211.4759,621.0482,224.8207
601.2001,205.4000,611.2800,191.9600,635.2800,209.9600,625.2001,223.4000
601.6586,205.9268,612.8781,191.9025,636.1708,210.5366,624.9513,224.5610
604.4147,205.7317,615.2439,192.1951,639.8781,211.9024,629.0488,225.4390
609.0045,204.0950,620.8597,191.0543,644.8009,212.8190,632.9457,225.8597
611.2000,206.4000,621.7601,192.3200,650.0800,213.5600,639.5200,227.6400
615.3391,206.1142,622.4257,192.8270,655.5398,210.4879,648.4532,223.7751
615.4615,206.3077,625.1537,191.7692,657.4615,213.3077,647.7692,227.8461
616.6354,206.1228,625.8304,191.8195,659.5416,213.4910,650.3466,227.7943
618.4433,206.1406,629.1677,191.3946,661.6325,215.0054,650.9081,229.7514
618.3027,213.1464,622.0299,195.2563,661.4442,203.4676,657.7170,221.3577
620.4866,215.0811,623.6217,196.2703,663.0271,202.8378,659.8920,221.6487
621.3088,207.4161,632.4431,191.5101,665.6645,214.7651,654.5302,230.6712
623.7564,215.5335,626.3271,195.8253,666.3420,201.0446,663.7713,220.7528
625.6011,215.0925,628.5145,196.1561,668.7167,202.3410,665.8034,221.2775
626.7397,215.6617,629.2490,196.4238,669.3921,201.6598,666.8828,220.8978
627.6011,214.0925,630.4450,195.6069,670.7977,201.8150,667.9538,220.3006
629.5800,213.9400,632.4400,193.9200,673.4600,199.7800,670.6000,219.8000
631.0549,206.5206,637.0137,190.6301,676.1370,205.3014,670.1782,221.1918
627.0000,177.0000,665.0000,177.0000,665.0000,201.0000,627.0000,201.0000
618.0000,176.0000,654.0000,176.0000,654.0000,201.0000,618.0000,201.0000
2
0
0
0
0
1
622.0000,196.0000,673.0000,196.0000,673.0000,219.0000,622.0000,219.0000
622.5660,196.8124,674.5807,195.3262,675.2568,218.9926,623.2422,220.4788
621.7006,218.4772,622.3711,195.0106,676.6125,196.5604,675.9420,220.0269
622.6914,218.4909,623.3535,195.9810,676.6603,197.5488,675.9982,220.0588
621.0000,197.0000,676.0000,197.0000,676.0000,220.0000,621.0000,220.0000
622.0000,197.0000,676.0000,197.0000,676.0000,220.0000,622.0000,220.0000
621.0000,197.0000,676.0000,197.0000,676.0000,220.0000,621.0000,220.0000
617.7487,217.2954,618.4000,195.8000,675.5900,197.5330,674.9386,219.0284
615.9678,199.0021,670.0010,195.5161,671.5140,218.9669,617.4808,222.4529
613.4000,201.2000,657.8308,195.6462,660.5847,217.6770,616.1539,223.2308
620.0000,203.0000,646.0000,203.0000,646.0000,239.0000,620.0000,239.0000
620.1463,202.3170,641.6585,199.9268,646.4999,243.5000,624.9877,245.8902
608.0640,204.7058,632.5334,191.9391,654.4651,233.9748,629.9956,246.7415
604.4794,207.9452,625.6520,190.8055,654.7150,226.7068,633.5424,243.8466
603.5342,206.6326,624.8797,190.1384,653.9534,227.7633,632.6080,244.2574
602.7808,208.0822,622.9754,191.7342,652.8301,228.6137,632.6356,244.9616
602.2704,207.2911,623.1320,191.1708,652.4697,229.1371,631.6081,245.2574
601.4780,207.7082,622.0465,191.0575,652.1108,228.1959,631.5424,244.8466
600.2682,207.5854,620.5121,191.3903,650.0732,228.3415,629.8293,244.5366
600.3351,206.4191,621.9580,191.3771,649.1886,230.5210,627.5657,245.5630
600.6611,205.8879,621.6102,191.3147,648.6573,230.1949,627.7083,244.7682
599.3107,206.6351,619.4594,192.2432,646.6891,230.3649,626.5405,244.7568
598.1676,206.6054,619.0378,191.4270,646.8433,229.6595,625.9730,244.8378
597.7221,205.3258,619.3808,190.5585,646.1015,229.7489,624.4428,244.5162
597.6591,205.7440,619.3780,191.5796,645.8965,232.2414,624.1777,246.4059
596.8914,206.5740,618.0846,192.1241,645.1016,231.7489,623.9083,246.1989
595.2973,206.7838,616.3460,191.4757,644.3676,230.0054,623.3189,245.3135
594.4556,206.7607,615.8474,191.6081,644.0693,231.4508,622.6775,246.6034
593.6827,206.4815,615.1006,191.5822,642.9834,231.6637,621.5656,246.5630
591.6766,208.5226,612.8797,192.1384,642.4373,230.3894,621.2342,246.7736
590.6766,208.5226,611.8797,192.1384,641.4373,230.3894,620.2342,246.7736
591.0770,206.6154,613.6923,191.5384,640.9230,232.3846,618.3077,247.4615
589.3099,207.9068,610.2195,191.9756,640.0158,231.0832,619.1061,247.0144
587.8093,208.2714,609.1223,192.5183,638.2592,231.9388,616.9462,247.6919
588.1804,208.3723,610.5156,192.5515,638.3444,231.8393,616.0092,247.6601
586.2162,208.2973,608.0378,192.4270,636.6649,231.7891,614.8433,247.6594
585.5401,207.2764,607.6318,191.9083,635.6573,232.1949,613.5656,247.5630
584.4559,207.7934,606.2469,191.6870,635.7371,231.5855,613.9461,247.6919
583.8463,207.9006,605.7098,192.4139,634.2068,232.6451,612.3433,248.1318
583.6400,208.5200,604.9200,192.5600,634.0800,231.4400,612.8000,247.4000
583.1804,207.3722,605.7098,191.4138,634.6785,232.3109,612.1491,248.2693
582.0379,208.5807,603.3509,192.8276,632.3839,232.1076,611.0709,247.8606
581.6766,209.5227,603.3635,192.7646,633.4048,231.6417,611.7180,248.3998
582.0576,209.1290,603.2241,192.5639,633.1044,230.7445,611.9379,247.3095
581.2723,209.7773,601.9109,192.8911,632.2524,229.9753,611.6139,246.8614
580.7822,210.1783,601.9109,192.8911,632.7426,230.5743,611.6139,247.8614
578.7721,213.8563,595.6487,194.0015,631.5848,224.5472,614.7083,244.4020
573.1459,218.5448,589.0017,194.1511,621.6555,215.3761,605.7997,239.7698
573.0000,201.0000,617.0000,201.0000,617.0000,224.0000,573.0000,224.0000
561.9619,204.9391,609.9640,200.2938,612.1073,222.4412,564.1052,227.0866
556.0369,207.0591,602.1317,202.7377,604.1298,224.0504,558.0349,228.3717
551.4308,208.4462,598.6923,202.5385,601.3231,223.5846,554.0616,229.4923
549.4576,210.2958,596.7349,204.1955,599.3757,224.6612,552.0983,230.7615
544.5200,211.6400,591.7000,204.9000,594.6600,225.6200,547.4799,232.3600
543.3012,212.5693,591.3194,205.9001,594.2300,226.8569,546.2119,233.5261
540.6632,212.5528,586.5496,207.3086,588.9637,228.4327,543.0774,233.6769
537.8356,214.3814,582.5750,207.1653,585.8408,227.4128,541.1014,234.6288
533.0639,214.2088,578.6082,207.0925,581.8399,227.7751,536.2956,234.8914
530.0956,215.2506,574.7764,208.6799,577.7866,229.1490,533.1058,235.7197
526.2401,214.6800,571.8801,208.1600,574.8801,229.1600,529.2401,235.6800
522.5290,213.9966,568.0170,208.6451,570.5699,230.3447,525.0818,235.6962
518.1126,215.3658,562.7934,208.7951,565.8078,229.2930,521.1270,235.8637
513.3320,217.4377,557.1660,209.2189,561.0038,229.6868,517.1698,237.9057
509.5457,216.8494,555.2871,209.0080,558.8843,229.9913,513.1428,237.8327
505.4362,218.2110,551.1777,210.3696,554.9128,232.1578,509.1713,239.9992
502.9263,219.0991,548.5859,212.3844,551.7866,234.1490,506.1270,240.8637
499.2880,220.5840,545.9280,212.1040,549.8000,233.4000,503.1600,241.8800
495.5116,222.4819,542.0950,212.2917,546.7661,233.6449,500.1827,243.8351
490.9104,222.1362,537.2689,212.5918,541.6373,233.8100,495.2788,243.3544
486.1084,223.8222,531.9879,212.6999,536.9905,233.3357,491.1110,244.4579
482.6198,224.6020,529.4267,214.0327,534.0010,234.2901,487.1940,244.8594
477.5314,224.4500,524.8588,213.6323,529.5943,234.3499,482.2669,245.1676
472.3929,224.9957,519.7034,213.5265,524.6505,233.9332,477.3400,245.4024
467.6774,226.1691,514.9879,214.6999,519.9905,235.3356,472.6799,246.8048
462.9511,226.3336,511.2282,216.3942,515.5967,237.6125,467.3195,247.5519
457.8603,227.4842,507.0993,217.0395,511.4113,237.3673,462.1723,247.8119
453.9969,228.4864,503.0078,217.2840,507.5943,237.3499,458.5834,248.5524
449.3529,229.5882,498.1647,218.7412,502.5882,238.6471,453.7765,249.4941
446.1963,227.7132,495.4038,218.4868,499.3773,239.6793,450.1698,248.9057
443.2508,228.6289,493.0622,218.9879,496.9920,239.2919,447.1806,248.9328
438.8603,230.4842,489.0562,219.8365,493.4112,240.3673,443.2152,251.0149
435.7661,229.6449,485.9581,218.6654,490.4204,239.0643,440.2284,250.0438
433.1364,230.0381,482.3571,220.5115,486.3651,241.2197,437.1444,250.7462
431.5711,230.1213,481.0132,219.6336,485.5281,240.9183,436.0861,251.4060
431.0114,230.7218,480.8107,220.4185,485.1619,241.4493,435.3626,251.7526
432.3279,230.7021,480.9850,222.3129,484.9111,245.0843,436.2540,253.4734
439.0000,230.0000,485.0000,230.0000,485.0000,255.0000,439.0000,255.0000
440.5623,255.9425,441.5815,230.4632,483.7939,232.1517,482.7747,257.6310
440.0000,232.0000,480.0000,232.0000,480.0000,258.0000,440.0000,258.0000
438.3371,256.9208,439.5497,231.4548,478.9366,233.3303,477.7240,258.7964
437.0000,233.0000,474.0000,233.0000,474.0000,259.0000,437.0000,259.0000
437.0000,233.0000,474.0000,233.0000,474.0000,259.0000,437.0000,259.0000
435.0000,235.0000,472.0000,235.0000,472.0000,260.0000,435.0000,260.0000
434.0000,236.0000,470.0000,236.0000,470.0000,260.0000,434.0000,260.0000
434.0000,236.0000,470.0000,236.0000,470.0000,261.0000,434.0000,261.0000
434.0000,236.0000,469.0000,236.0000,469.0000,261.0000,434.0000,261.0000
433.0000,238.0000,468.0000,238.0000,468.0000,263.0000,433.0000,263.0000
432.0000,238.0000,467.0000,238.0000,467.0000,263.0000,432.0000,263.0000
432.0000,238.0000,466.0000,238.0000,466.0000,263.0000,432.0000,263.0000
431.0000,239.0000,466.0000,239.0000,466.0000,264.0000,431.0000,264.0000
431.0000,240.0000,465.0000,240.0000,465.0000,265.0000,431.0000,265.0000
431.0000,240.0000,465.0000,240.0000,465.0000,264.0000,431.0000,264.0000
431.0000,240.0000,465.0000,240.0000,465.0000,265.0000,431.0000,265.0000
430.0000,241.0000,465.0000,241.0000,465.0000,266.0000,430.0000,266.0000
427.0000,242.0000,462.0000,242.0000,462.0000,266.0000,427.0000,266.0000
413.9254,246.4267,453.2455,236.2326,458.4460,256.2917,419.1259,266.4858
407.6734,248.0227,447.0327,236.3606,452.6015,255.1551,413.2421,266.8171
404.4341,247.3073,446.7756,236.3805,451.7083,255.4946,409.3668,266.4214
402.7639,246.9967,446.5180,236.7016,451.1344,256.3213,407.3803,266.6164
402.9031,247.2712,447.5778,237.4986,451.8574,257.0624,407.1827,266.8350
402.0202,248.2381,448.3884,238.4025,452.5405,257.9763,406.1722,267.8120
402.3055,250.0548,450.3851,240.1561,454.2423,258.8913,406.1627,268.7900
401.4231,251.1154,450.4615,241.3077,454.3077,260.5385,405.2692,270.3462
399.7680,251.2240,448.6080,242.3440,452.2080,262.1440,403.3680,271.0240
399.4113,252.8604,448.4377,243.6679,452.1623,263.5321,403.1359,272.7245
398.6836,254.6543,447.6725,246.2562,451.0746,266.1016,402.0857,274.4996
397.4453,255.0415,447.2566,245.7019,450.9811,265.5660,401.1698,274.9056
397.2021,254.0935,447.6273,246.2146,450.8494,266.8361,400.4242,274.7150
396.7373,255.2015,446.2619,249.5415,448.5761,269.7913,399.0515,275.4512
396.6374,256.3272,446.1620,250.6672,448.5761,271.7913,399.0515,277.4513
396.0734,257.2698,444.6988,249.6721,447.8971,270.1411,399.2717,277.7388
400.4788,257.9854,448.1764,249.1525,451.8634,269.0623,404.1658,277.8952
408.3711,258.0096,454.3779,254.6017,456.0178,276.7395,410.0109,280.1473
414.0000,259.0000,457.0000,259.0000,457.0000,282.0000,414.0000,282.0000
416.0000,260.0000,457.0000,260.0000,457.0000,283.0000,416.0000,283.0000
417.0000,260.0000,456.0000,260.0000,456.0000,283.0000,417.0000,283.0000
419.0000,260.0000,458.0000,260.0000,458.0000,283.0000,419.0000,283.0000
419.0000,261.0000,457.0000,261.0000,457.0000,284.0000,419.0000,284.0000
420.0000,260.0000,458.0000,260.0000,458.0000,284.0000,420.0000,284.0000
420.0000,261.0000,458.0000,261.0000,458.0000,284.0000,420.0000,284.0000
421.0000,262.0000,459.0000,262.0000,459.0000,286.0000,421.0000,286.0000
422.0000,262.0000,460.0000,262.0000,460.0000,285.0000,422.0000,285.0000
420.0487,264.3570,460.2110,258.8803,463.1989,280.7911,423.0366,286.2678
424.0000,263.0000,462.0000,263.0000,462.0000,285.0000,424.0000,285.0000
424.0000,263.0000,463.0000,263.0000,463.0000,286.0000,424.0000,286.0000
421.4640,262.7267,463.5054,259.8272,465.0415,282.1006,423.0000,285.0000
412.5891,263.1104,458.1022,257.5937,460.6470,278.5883,415.1339,284.1050
404.6036,262.2299,450.2362,256.6986,452.6905,276.9466,407.0579,282.4779
406.2896,260.4759,452.4690,256.6276,454.1931,277.3172,408.0138,281.1655
406.2711,260.9893,450.5278,254.2837,453.4722,273.7164,409.2155,280.4219
408.4749,260.6931,451.7212,254.7281,454.4563,274.5578,411.2101,280.5228
409.2564,260.4805,451.6953,254.1933,454.5248,273.2926,412.0859,279.5798
408.7904,261.4279,450.5154,255.8647,453.0393,274.7948,411.3144,280.3581
408.5600,260.9200,448.5999,255.2000,451.3000,274.1000,411.2600,279.8200
408.8623,260.5017,448.7923,254.9942,451.2941,273.1319,411.3641,278.6394
408.4443,260.7490,446.8242,255.0631,449.5087,273.1839,411.1288,278.8698
409.5916,260.5391,447.7958,255.2696,450.4142,274.2532,412.2100,279.5228
410.4443,261.7490,447.8456,256.2081,450.5087,274.1839,413.1074,279.7249
411.4600,261.2200,448.7000,255.9000,451.3400,274.3800,414.1000,279.7000
413.3799,260.6600,449.9199,255.4400,452.6199,274.3400,416.0800,279.5600
416.0404,260.7100,451.3493,256.9269,453.3430,275.5347,418.0341,279.3178
417.5543,261.2684,453.0852,256.3676,455.5870,274.5052,420.0560,279.4061
418.9197,260.9708,453.3080,257.0029,455.4540,275.6015,421.0657,279.5694
419.8490,262.4573,454.6346,255.8316,457.9607,273.2933,423.1751,279.9191
422.3208,260.9154,457.0765,255.7664,459.8416,274.4309,425.0859,279.5799
425.2993,259.7704,458.9315,254.7879,461.7181,273.5973,428.0859,278.5798
427.5677,260.5825,462.0335,255.4765,464.6751,273.3074,430.2094,278.4134
431.0349,259.9504,464.6275,254.1082,467.7101,271.8330,434.1174,277.6752
437.4775,259.2679,469.2281,252.5836,472.9205,270.1220,441.1698,276.8063
447.9174,257.2752,481.0037,251.5211,484.3725,270.8917,451.2863,276.6459
460.0792,254.7921,487.7030,252.0297,489.7426,272.4257,462.1188,275.1881
469.0000,252.0000,493.0000,252.0000,493.0000,273.0000,469.0000,273.0000
470.4118,254.3530,490.6833,247.1132,498.8507,269.9819,478.5792,277.2217
475.4878,250.6097,495.7707,246.2634,500.9804,270.5756,480.6975,274.9219
476.3793,252.4483,495.5173,244.7931,504.0690,266.1724,484.9310,273.8276
482.0332,249.1245,502.1992,243.7469,508.3071,266.6515,488.1411,272.0291
488.0000,245.0000,509.0000,245.0000,509.0000,269.0000,488.0000,269.0000
489.1923,244.9616,509.5770,240.8846,514.1539,263.7692,493.7692,267.8462
495.0000,243.0000,516.0000,243.0000,516.0000,266.0000,495.0000,266.0000
496.2533,242.8996,517.0175,240.1310,520.0481,262.8603,499.2839,265.6288
497.0001,244.0000,517.1000,237.3000,524.2000,258.6000,504.1000,265.3000
499.7000,243.1000,519.2000,236.6000,526.2000,257.6000,506.7000,264.1000
505.6923,241.4615,525.8846,237.4231,530.1539,258.7693,509.9616,262.8077
506.6986,241.8630,526.4246,234.4658,533.9862,254.6302,514.2602,262.0274
510.4000,240.2000,529.9000,233.7000,536.5000,253.5000,517.0000,260.0000
512.6780,241.3024,531.0048,232.8439,539.1414,250.4732,520.8146,258.9317
516.9000,238.7000,536.7000,232.1000,543.2000,251.6000,523.4000,258.2000
521.2000,236.6000,540.7000,230.1000,547.2000,249.6000,527.7000,256.1000
523.4344,236.4163,542.5023,229.6064,548.9503,247.6606,529.8824,254.4706
526.6134,234.9949,545.1753,227.8557,552.3402,246.4845,533.7783,253.6237
530.6907,233.1959,548.9175,226.1855,556.0052,244.6134,537.7784,251.6237
533.0292,233.0634,550.1512,225.1610,558.1414,242.4732,541.0195,250.3756
535.6780,231.3024,552.8000,223.4000,560.7609,240.6488,543.6390,248.5512
539.6134,228.9948,556.9691,222.3196,563.6702,239.7422,546.3145,246.4175
541.1210,230.3885,556.8152,221.8280,565.2610,237.3121,549.5668,245.8726
542.4146,232.2683,558.0244,219.7805,568.0732,232.3415,552.4634,244.8293
545.5001,233.5000,559.5001,219.5000,569.5001,229.5000,555.5001,243.5000
553.0000,220.0000,567.0000,220.0000,567.0000,241.0000,553.0000,241.0000
544.0001,233.0000,560.0001,217.0000,569.5001,226.5000,553.5001,242.5000
539.8001,227.6000,561.4001,216.8000,567.6000,229.2000,546.0001,240.0000
534.0000,233.0000,556.0731,215.3415,563.9756,225.2195,541.9025,242.8781
531.2801,233.0400,554.4800,215.6400,561.9200,225.5600,538.7200,242.9600
530.7601,232.6800,555.4001,214.2000,562.7200,223.9600,538.0800,242.4400
530.6400,231.5200,556.8800,211.8400,564.2000,221.6000,537.9600,241.2800
531.7567,229.5406,558.1567,210.3405,565.1189,219.9135,538.7189,239.1135
533.1539,226.2307,562.2308,206.8461,568.8461,216.7692,539.7692,236.1538
533.6534,223.7942,563.5740,204.5596,570.3646,215.1227,540.4441,234.3574
534.6160,223.1120,564.4120,202.4840,571.9360,213.3520,542.1400,233.9800
534.8530,220.0882,567.3530,200.5882,574.3235,212.2059,541.8235,231.7059
535.3285,220.2888,567.3718,199.6895,574.9098,211.4152,542.8665,232.0144
536.0837,216.6027,570.4054,198.4324,576.8270,210.5622,542.5054,228.7324
537.2000,214.4000,572.8000,196.6000,579.2000,209.4000,543.6000,227.2000
537.9674,214.8309,572.9110,195.1751,579.8546,207.5193,544.9110,227.1751
539.3221,215.1745,571.2013,192.8591,581.0201,206.8859,549.1410,229.2014
539.4091,202.1028,577.6862,195.4459,580.7027,212.7908,542.4256,219.4477
538.8000,208.6000,574.4000,190.8000,580.8000,203.6000,545.2001,221.4000
540.3504,199.7651,578.7963,193.0789,581.6734,209.6220,543.2275,216.3083
539.8595,200.0822,577.3555,192.1884,580.7507,208.3157,543.2548,216.2096
540.7241,196.3103,578.0751,191.2170,580.4423,208.5761,543.0913,213.6694
541.6088,196.0587,579.8484,190.3228,582.3496,206.9976,544.1100,212.7335
541.8309,192.6462,579.2463,187.9693,581.4924,205.9385,544.0770,210.6154
540.6070,192.4451,578.8555,186.5607,581.4914,203.6936,543.2429,209.5780
541.6000,190.2000,579.1200,184.8400,581.6400,202.4800,544.1200,207.8400
542.0081,188.3991,580.1389,183.8233,582.2162,201.1341,544.0853,205.7098
543.2459,186.0435,581.2870,182.1082,583.1647,200.2588,545.1236,204.1941
542.5800,184.0600,580.8000,178.6000,583.3200,196.2400,545.1000,201.7000
542.4324,183.5946,580.7027,177.2162,583.5135,194.0811,545.2432,200.4595
545.5881,178.6471,582.4470,175.8118,583.8823,194.4706,547.0234,197.3059
550.4620,175.5449,587.2897,172.4759,588.8552,191.2621,552.0276,194.3311
562.0000,172.0000,595.0000,172.0000,595.0000,191.0000,562.0000,191.0000
572.6484,172.5119,595.1024,169.8703,597.8123,192.9044,575.3583,195.5461
577.0000,173.0000,595.0000,173.0000,595.0000,202.0000,577.0000,202.0000
570.6958,195.1907,583.1443,162.8248,601.4381,169.8608,588.9896,202.2268
569.7692,190.8462,589.1538,161.7692,605.7692,172.8462,586.3845,201.9231
569.8926,188.7248,589.6242,160.5369,606.0001,172.0000,586.2685,200.1879
569.3705,188.4177,588.1058,158.9765,605.1235,169.8059,586.3882,199.2471
568.4715,188.1917,586.1710,157.8497,603.4559,167.9326,585.7564,198.2746
568.5778,188.0415,585.8511,155.6540,603.7578,165.2041,586.4844,197.5917
567.8000,188.4000,584.6001,154.8000,602.6001,163.8000,585.8000,197.4000
568.1022,187.7810,584.1716,153.3467,602.6204,161.9562,586.5511,196.3905
568.0980,188.3454,582.0155,152.1598,601.1804,159.5309,587.2629,195.7165
568.4117,187.6470,581.4208,151.2217,600.2986,157.9638,587.2896,194.3891
573.0000,154.0000,595.0000,154.0000,595.0000,191.0000,573.0000,191.0000
568.3950,187.9360,580.4412,149.3879,599.6298,155.3844,587.5836,193.9324
568.0566,187.3019,579.0377,148.8679,598.1886,154.3396,587.2075,192.7736
566.3397,188.8113,578.1132,147.6038,597.6603,153.1887,585.8868,194.3962
566.2354,189.0588,576.6471,147.4118,596.4117,152.3529,586.0000,194.0000
571.0000,149.0000,592.0000,149.0000,592.0000,191.0000,571.0000,191.0000
564.7262,187.5269,576.1121,144.8299,595.7179,150.0581,584.3320,192.7552
569.0000,146.0000,590.0000,146.0000,590.0000,190.0000,569.0000,190.0000
565.0115,187.9248,571.9479,142.8381,592.1617,145.9480,585.2253,191.0347
565.0594,188.4059,569.5544,143.4554,589.4554,145.4455,584.9604,190.3960
567.0000,143.0000,588.0000,143.0000,588.0000,187.0000,567.0000,187.0000
562.8600,186.9800,569.5200,140.3600,588.9800,143.1400,582.3199,189.7600
566.0000,142.0000,586.0000,142.0000,586.0000,188.0000,566.0000,188.0000
561.3000,185.9000,567.9999,139.0000,588.0200,141.8600,581.3200,188.7600
562.2707,184.9694,568.4891,138.3319,588.0087,140.9345,581.7903,187.5721
562.2833,184.0921,567.7714,137.4437,587.4403,139.7577,581.9523,186.4061
562.0975,184.1219,567.2682,137.5854,587.1341,139.7927,581.9633,186.3293
565.0000,138.0000,585.0000,138.0000,585.0000,184.0000,565.0000,184.0000
561.5448,182.4621,565.3448,136.8621,585.2069,138.5173,581.4069,184.1173
561.3198,181.5229,564.5787,135.8985,585.0457,137.3604,581.7868,182.9848
560.3933,181.3708,564.7484,135.6427,584.8046,137.5528,580.4495,183.2809
563.0000,136.0000,583.0000,136.0000,583.0000,182.0000,563.0000,182.0000
563.0000,136.0000,583.0000,136.0000,583.0000,181.0000,563.0000,181.0000
563.0000,135.0000,583.0000,135.0000,583.0000,180.0000,563.0000,180.0000
562.0000,135.0000,582.0000,135.0000,582.0000,181.0000,562.0000,181.0000
560.7856,180.7175,562.8907,134.4041,582.3052,135.2866,580.2001,181.6000
563.0000,135.0000,582.0000,135.0000,582.0000,181.0000,563.0000,181.0000
562.0000,135.0000,582.0000,135.0000,582.0000,180.0000,562.0000,180.0000
542.9412,149.7647,554.6765,130.2059,581.4412,146.2647,569.7058,165.8235
537.0424,154.9291,538.6768,132.8649,574.1488,135.4925,572.5144,157.5566
528.6926,137.0817,568.5992,134.5876,569.9105,155.5681,530.0038,158.0623
523.1803,137.9836,565.3771,134.1475,567.2295,154.5246,525.0327,158.3606
521.2704,138.9754,566.2623,134.8852,568.1065,155.1721,523.1147,159.2623
520.2140,138.9487,565.3175,134.7203,567.1471,154.2362,522.0436,158.4647
518.6471,139.5882,564.0408,134.0860,566.4517,153.9756,521.0580,159.4778
516.8635,139.8396,562.8737,134.4266,565.1945,154.1536,519.1843,159.5665
515.9985,138.4866,561.2000,133.6000,563.3429,153.4224,518.1415,158.3090
515.2402,138.2275,559.3525,134.0920,561.1647,153.4221,517.0524,157.5576
514.2705,137.9754,559.3524,133.8771,561.1311,153.4426,516.0492,157.5410
515.8345,137.1862,559.6241,134.6104,560.8000,154.6000,517.0104,157.1759
513.8326,137.3230,559.5914,134.4631,560.8444,154.5098,515.0856,157.3697
513.3736,138.0251,559.4068,134.0794,561.1402,154.3023,515.1070,158.2480
514.8015,137.2242,560.6030,134.4483,561.8162,154.4657,516.0146,157.2416
512.2704,136.9754,559.2458,132.7049,561.0164,152.1803,514.0409,156.4508
512.7743,136.3891,558.5953,133.5253,559.8405,153.4475,514.0194,156.3113
512.7704,136.3269,558.5914,133.4631,559.8405,153.4475,514.0194,156.3113
512.1628,137.0165,558.2793,132.5536,560.1628,152.0165,514.0464,156.4794
512.3081,136.8258,559.2661,132.6824,560.9889,152.2069,514.0309,156.3502
512.2140,136.9487,558.3088,132.6273,560.1384,152.1433,514.0436,156.4647
512.3517,136.7699,559.3776,132.7391,561.0551,152.3096,514.0292,156.3404
511.3159,135.9133,557.2816,131.8575,559.0043,151.3820,513.0386,155.4378
511.4441,135.8477,558.2147,131.8387,559.8922,151.4092,513.1216,155.4182
513.4112,134.9931,558.2095,131.0403,559.9168,150.3897,515.1185,154.3425
521.1976,132.7418,562.6257,131.0156,563.4402,150.5650,522.0121,152.2911
535.0000,134.0000,570.0000,134.0000,570.0000,154.0000,535.0000,154.0000
544.3784,137.2703,566.1081,133.6487,571.2702,164.6216,549.5405,168.2432
547.0000,136.0000,567.0000,136.0000,567.0000,170.0000,547.0000,170.0000
547.0000,133.0000,567.0000,133.0000,567.0000,171.0000,547.0000,171.0000
544.7082,170.6693,547.1868,131.0117,567.6071,132.2879,565.1285,171.9455
547.0000,132.0000,567.0000,132.0000,567.0000,172.0000,547.0000,172.0000
546.0000,132.0000,565.0000,132.0000,565.0000,174.0000,546.0000,174.0000
547.0000,131.0000,565.0000,131.0000,565.0000,173.0000,547.0000,173.0000
545.0000,131.0000,565.0000,131.0000,565.0000,175.0000,545.0000,175.0000
546.0000,131.0000,564.0000,131.0000,564.0000,176.0000,546.0000,176.0000
546.0000,131.0000,564.0000,131.0000,564.0000,176.0000,546.0000,176.0000
545.0000,131.0000,564.0000,131.0000,564.0000,176.0000,545.0000,176.0000
545.0000,131.0000,564.0000,131.0000,564.0000,176.0000,545.0000,176.0000
545.0000,131.0000,563.0000,131.0000,563.0000,177.0000,545.0000,177.0000
545.0000,129.0000,564.0000,129.0000,564.0000,175.0000,545.0000,175.0000
545.0000,130.0000,563.0000,130.0000,563.0000,176.0000,545.0000,176.0000
544.0000,129.0000,563.0000,129.0000,563.0000,175.0000,544.0000,175.0000
544.0000,129.0000,562.0000,129.0000,562.0000,175.0000,544.0000,175.0000
545.0000,129.0000,563.0000,129.0000,563.0000,175.0000,545.0000,175.0000
544.0000,129.0000,563.0000,129.0000,563.0000,175.0000,544.0000,175.0000
544.0000,129.0000,562.0000,129.0000,562.0000,175.0000,544.0000,175.0000
544.0000,129.0000,562.0000,129.0000,562.0000,174.0000,544.0000,174.0000
544.0000,129.0000,562.0000,129.0000,562.0000,173.0000,544.0000,173.0000
544.0000,129.0000,562.0000,129.0000,562.0000,173.0000,544.0000,173.0000
543.0000,128.0000,561.0000,128.0000,561.0000,172.0000,543.0000,172.0000
544.0000,128.0000,561.0000,128.0000,561.0000,172.0000,544.0000,172.0000
544.0000,128.0000,561.0000,128.0000,561.0000,173.0000,544.0000,173.0000
544.0000,128.0000,562.0000,128.0000,562.0000,172.0000,544.0000,172.0000
544.0000,127.0000,562.0000,127.0000,562.0000,171.0000,544.0000,171.0000
544.0000,127.0000,562.0000,127.0000,562.0000,171.0000,544.0000,171.0000
544.0000,128.0000,562.0000,128.0000,562.0000,172.0000,544.0000,172.0000
544.0000,127.0000,561.0000,127.0000,561.0000,173.0000,544.0000,173.0000
543.0000,127.0000,560.0000,127.0000,560.0000,173.0000,543.0000,173.0000
543.0000,127.0000,560.0000,127.0000,560.0000,173.0000,543.0000,173.0000
542.0000,127.0000,560.0000,127.0000,560.0000,172.0000,542.0000,172.0000
542.0000,125.0000,560.0000,125.0000,560.0000,171.0000,542.0000,171.0000
541.0000,125.0000,559.0000,125.0000,559.0000,170.0000,541.0000,170.0000
541.0000,126.0000,559.0000,126.0000,559.0000,172.0000,541.0000,172.0000
541.0000,125.0000,559.0000,125.0000,559.0000,170.0000,541.0000,170.0000
541.0000,126.0000,559.0000,126.0000,559.0000,170.0000,541.0000,170.0000
541.0000,125.0000,559.0000,125.0000,559.0000,169.0000,541.0000,169.0000
540.0000,125.0000,558.0000,125.0000,558.0000,169.0000,540.0000,169.0000
540.0000,124.0000,558.0000,124.0000,558.0000,169.0000,540.0000,169.0000
540.0000,124.0000,558.0000,124.0000,558.0000,169.0000,540.0000,169.0000
539.0000,124.0000,558.0000,124.0000,558.0000,169.0000,539.0000,169.0000
539.0000,124.0000,558.0000,124.0000,558.0000,168.0000,539.0000,168.0000
539.0000,123.0000,557.0000,123.0000,557.0000,168.0000,539.0000,168.0000
539.0000,123.0000,558.0000,123.0000,558.0000,168.0000,539.0000,168.0000
538.0000,123.0000,557.0000,123.0000,557.0000,168.0000,538.0000,168.0000
538.0000,122.0000,557.0000,122.0000,557.0000,166.0000,538.0000,166.0000
538.0000,122.0000,560.0000,122.0000,560.0000,162.0000,538.0000,162.0000
539.3069,123.5962,567.8420,122.5771,568.5350,141.9809,539.9999,143.0000
540.6584,141.1477,541.7877,120.8215,576.0708,122.7262,574.9415,143.0523
540.7231,139.9846,541.8492,119.7139,579.1230,121.7846,577.9969,142.0554
540.7349,140.0387,541.7570,120.6188,581.0166,122.6851,579.9945,142.1050
539.7579,140.0837,540.6810,120.6991,581.8258,122.6584,580.9027,142.0430
539.8480,139.0424,540.8205,119.5910,582.9152,121.6958,581.9427,141.1471
540.7980,139.0399,541.7182,120.6359,582.9152,122.6958,581.9951,141.0997
540.7404,138.9337,541.7542,119.6713,582.9558,121.8398,581.9420,141.1022
541.7784,137.9877,542.8062,119.4892,584.0123,121.7785,582.9846,140.2769
541.7725,136.8690,542.8586,118.4034,584.0690,120.8276,582.9828,139.2931
541.7138,137.8655,542.8000,119.4000,583.0724,121.7690,581.9863,140.2345
540.7785,135.9877,541.8000,117.6000,582.0092,119.8338,580.9877,138.2215
539.7928,135.9365,540.7596,117.5663,581.9088,119.7320,580.9420,138.1022
539.7784,135.9877,540.8031,117.5446,580.0154,119.7231,578.9907,138.1661
535.9147,120.2317,573.2317,116.0854,575.4390,135.9512,538.1219,140.0976
539.0000,122.0000,562.0000,122.0000,562.0000,150.0000,539.0000,150.0000
535.0000,117.0000,563.0000,117.0000,563.0000,146.0000,535.0000,146.0000
522.4774,134.9751,523.4639,114.2602,558.7648,115.9412,557.7783,136.6561
513.3118,114.6674,550.6923,113.4615,551.3835,134.8909,514.0031,136.0967
509.0000,114.0000,547.0000,114.0000,547.0000,135.0000,509.0000,135.0000
506.3885,114.6537,545.7448,113.3418,546.3962,132.8868,507.0399,134.1987
505.8275,114.4115,545.4514,111.7699,546.7169,130.7522,507.0930,133.3938
506.3530,114.5882,545.7758,113.2741,546.4262,132.7858,507.0034,134.0999
505.4828,114.7931,544.2966,111.5586,545.8483,130.1793,507.0345,133.4138
506.0000,112.0000,543.0000,112.0000,543.0000,132.0000,506.0000,132.0000
506.3159,112.8459,543.7325,111.5096,544.4204,130.7707,507.0038,132.1070
504.7906,113.4627,542.5077,110.8616,543.7456,128.8107,506.0284,131.4118
504.3658,112.6081,541.7696,111.3183,542.4109,129.9169,505.0071,131.2066
504.3427,112.5949,540.7961,111.2930,541.4586,129.8408,505.0051,131.1427
501.0929,115.1910,538.1857,107.3820,541.4642,122.9549,504.3715,130.7639
501.0385,115.1923,537.3847,107.9231,540.5770,123.8846,504.2308,131.1539
499.9108,121.5031,533.1210,103.3885,540.6115,117.1210,507.4012,135.2356
499.4679,121.4404,532.3853,103.7156,539.8348,117.5505,506.9174,135.2752
499.7658,113.9073,536.0975,106.1219,539.5073,122.0341,503.1756,129.8195
501.4262,111.6885,537.4017,108.4180,539.0164,126.1803,503.0410,129.4508
498.2000,116.6000,534.2000,104.6000,539.1000,119.3000,503.1000,131.3000
497.4867,119.9763,530.0564,101.6558,537.8546,115.5193,505.2849,133.8398
499.5666,110.5160,535.4259,107.3978,536.9681,125.1332,501.1089,128.2514
499.7800,111.4600,535.7600,106.3200,538.1600,123.1200,502.1801,128.2600
498.4913,110.6936,534.6358,105.1329,537.2369,122.0405,501.0925,127.6012
500.6162,110.9027,537.2811,105.1135,539.8676,121.4946,503.2026,127.2838
506.1534,108.4575,541.6028,104.7260,543.4932,122.6849,508.0438,126.4164
520.0000,108.0000,550.0000,108.0000,550.0000,128.0000,520.0000,128.0000
527.0000,110.0000,547.0000,110.0000,547.0000,135.0000,527.0000,135.0000
525.2460,106.7049,554.1886,104.0738,555.9918,123.9098,527.0492,126.5410
530.5311,121.6276,532.0415,103.5035,563.4897,106.1242,561.9794,124.2483
531.5724,123.2690,532.6586,104.8035,565.0759,106.7103,563.9897,125.1759
531.0000,106.0000,565.0000,106.0000,565.0000,125.0000,531.0000,125.0000
530.0000,107.0000,565.0000,107.0000,565.0000,126.0000,530.0000,126.0000
527.0000,106.0000,563.0000,106.0000,563.0000,125.0000,527.0000,125.0000
524.8540,124.9663,525.4037,106.2766,562.5480,107.3691,561.9983,126.0588
524.0000,107.0000,562.0000,107.0000,562.0000,126.0000,524.0000,126.0000
524.0000,107.0000,562.0000,107.0000,562.0000,126.0000,524.0000,126.0000
522.0000,107.0000,560.0000,107.0000,560.0000,126.0000,522.0000,126.0000
521.5796,107.4438,559.7408,106.4124,560.2430,124.9934,522.0818,126.0248
521.0000,106.0000,559.0000,106.0000,559.0000,125.0000,521.0000,125.0000
521.0000,106.0000,559.0000,106.0000,559.0000,125.0000,521.0000,125.0000
519.3990,107.5724,557.6639,106.2530,558.3100,124.9893,520.0451,126.3088
520.0000,107.0000,558.0000,107.0000,558.0000,125.0000,520.0000,125.0000
519.0000,106.0000,557.0000,106.0000,557.0000,125.0000,519.0000,125.0000
518.3990,107.5724,556.6295,106.2542,557.2756,124.9905,519.0451,126.3088
519.0000,106.0000,557.0000,106.0000,557.0000,125.0000,519.0000,125.0000
518.0000,107.0000,556.0000,107.0000,556.0000,126.0000,518.0000,126.0000
518.4214,107.4868,555.6663,106.3229,556.2497,124.9922,519.0048,126.1561
518.3658,107.6081,555.6318,106.3230,556.2755,124.9905,519.0095,126.2755
517.2939,107.6426,554.6617,106.2053,555.3840,124.9852,518.0162,126.4225
518.0000,107.0000,555.0000,107.0000,555.0000,126.0000,518.0000,126.0000
517.3192,107.6178,553.6767,106.2712,554.4068,125.9849,518.0493,127.3315
517.1660,107.8189,553.5321,106.2377,554.3906,125.9830,518.0245,127.5642
515.7717,108.1882,552.1503,105.6793,553.4758,124.8982,517.0971,127.4071
517.0000,109.0000,544.0000,109.0000,544.0000,134.0000,517.0000,134.0000
521.0000,110.0000,541.0000,110.0000,541.0000,140.0000,521.0000,140.0000
508.0000,106.0000,540.0000,106.0000,540.0000,129.0000,508.0000,129.0000
501.0000,108.0000,538.0000,108.0000,538.0000,129.0000,501.0000,129.0000
488.3252,108.7558,527.7480,107.4417,528.4261,127.7858,489.0033,129.0999
484.7612,110.4159,526.5090,107.6327,527.8453,127.6770,486.0975,130.4602
484.6948,111.4204,526.5753,108.6283,527.9116,128.6726,486.0311,131.4646
485.4391,112.7482,528.4536,109.2605,530.0342,128.7540,487.0197,132.2417
485.8517,111.4793,528.5862,108.9655,529.7551,128.8379,487.0207,131.3517
486.9569,112.2246,529.6031,109.8554,530.7108,129.7939,488.0646,132.1631
488.3961,111.6751,530.7922,110.3503,531.4020,129.8624,489.0059,131.1873
489.3951,111.6439,532.7590,110.2888,533.3698,129.8322,490.0059,131.1873
489.4620,111.6261,533.7889,110.3948,534.3317,129.9352,490.0048,131.1665
489.4286,111.5756,533.7726,110.2714,534.3491,129.8721,490.0052,131.1763
490.4286,112.5756,534.8021,111.2705,535.3768,130.8124,491.0034,132.1175
490.3774,112.6975,535.6851,111.2360,536.3129,130.6996,491.0052,132.1611
491.4612,112.5983,536.7874,111.3393,537.3293,130.8520,492.0032,132.1111
491.4478,112.6729,536.7822,111.3777,537.3392,130.8760,492.0048,132.1713
492.4612,113.5983,538.7587,112.3123,539.3015,131.8528,493.0040,133.1388
491.4146,112.6844,538.7348,111.2505,539.3265,130.7780,492.0064,132.2119
492.0000,115.0000,538.5552,112.5497,539.5663,131.7597,493.0110,134.2099
493.4312,113.6638,540.7433,112.2723,541.3163,131.7554,494.0043,133.1469
493.4489,113.6095,540.7656,112.3307,541.3182,132.7752,494.0015,134.0540
493.4313,113.6638,541.7425,112.2429,542.3173,131.7848,494.0060,133.2057
495.4482,114.5825,542.7650,113.3037,543.3182,133.7752,496.0015,135.0540
496.0000,114.0000,544.0000,114.0000,544.0000,134.0000,496.0000,134.0000
496.4745,114.5548,544.7366,113.2504,545.2905,133.7489,497.0284,135.0533
499.0000,114.0000,546.0000,114.0000,546.0000,135.0000,499.0000,135.0000
499.0000,114.0000,546.0000,114.0000,546.0000,135.0000,499.0000,135.0000
500.4333,115.5991,548.7294,114.2575,549.2992,134.7695,501.0032,136.1111
499.4760,115.6088,548.7373,114.2774,549.2906,134.7489,500.0293,136.0803
502.0000,116.0000,551.0000,116.0000,551.0000,136.0000,502.0000,136.0000
502.4505,115.6635,551.7388,114.3314,552.2914,134.7759,503.0031,136.1080
502.4445,117.5587,552.7178,116.1223,553.2773,135.7064,503.0042,137.1427
502.0574,119.1471,554.3766,116.5312,555.3792,136.5811,503.0599,139.1970
501.8954,120.1169,554.4000,117.2000,555.5692,138.2461,503.0646,141.1631
504.0000,120.0000,556.0000,120.0000,556.0000,141.0000,504.0000,141.0000
503.4152,120.5310,554.7448,119.0644,555.3337,139.6762,504.0042,141.1427
504.4049,119.5721,555.6986,118.1473,556.2961,139.6585,505.0024,141.0833
503.4475,120.5555,554.7073,119.1701,555.2891,140.6949,504.0292,142.0803
505.0000,121.0000,555.0000,121.0000,555.0000,142.0000,505.0000,142.0000
503.9005,121.1105,554.4972,118.4475,555.6077,139.5470,505.0110,142.2099
504.3742,120.7243,555.6534,119.2161,556.2834,140.6387,505.0043,142.1469
503.4010,121.6353,554.7389,120.1253,555.3724,141.6655,504.0345,143.1755
505.3890,121.6174,555.7479,120.1786,556.3621,141.6753,506.0032,143.1142
506.0000,121.0000,556.0000,121.0000,556.0000,143.0000,506.0000,143.0000
506.4057,122.5999,555.7565,121.2290,556.3533,142.7124,507.0024,144.0833
504.8152,123.2677,553.5134,120.4850,554.7144,141.5020,506.0162,144.2848
507.3907,122.6746,555.7512,121.2928,556.3646,142.7610,508.0041,144.1427
507.4065,122.6276,555.7580,121.2845,556.3547,142.7679,508.0032,144.1111
506.8461,124.2308,555.4738,121.5292,556.6400,142.5200,508.0123,145.2215
506.9015,124.2277,555.4738,121.5292,556.6400,142.5200,508.0677,145.2184
508.3862,123.7459,556.7357,122.2807,557.3862,143.7459,509.0367,145.2110
508.4482,124.5825,555.8190,123.3022,556.3993,144.7730,509.0285,146.0533
510.3835,124.6550,557.7642,123.2192,558.3862,143.7458,511.0055,145.1816
511.3649,124.6761,559.7239,123.1649,560.3629,143.6136,512.0039,145.1249
512.3826,124.6248,560.7321,123.1596,561.3541,143.6862,513.0046,145.1514
512.9803,127.1362,562.4844,124.4603,563.5637,144.4290,514.0597,147.1049
512.8896,127.1241,563.3035,124.1586,564.4862,144.2655,514.0724,147.2310
512.8689,127.2075,562.5068,124.3710,563.6509,144.3914,514.0129,147.2278
514.8892,128.0062,564.4584,125.2523,565.5815,145.4677,516.0123,148.2216
516.4175,126.6166,565.7487,125.2072,566.3351,145.7333,517.0040,147.1427
516.8461,127.2308,566.4708,124.4739,567.6339,145.4092,518.0092,148.1662
518.3816,127.5945,568.6990,126.0697,569.3210,146.5963,519.0037,148.1211
518.8813,127.3037,569.3285,124.5768,570.4530,145.3809,520.0059,148.1078
521.0000,128.0000,571.0000,128.0000,571.0000,148.0000,521.0000,148.0000
521.0000,128.0000,572.0000,128.0000,572.0000,149.0000,521.0000,149.0000
521.4912,127.6808,572.7572,126.2568,573.3239,146.6577,522.0579,148.0817
522.0648,127.2968,574.2843,124.6858,575.2793,144.5861,523.0598,147.1970
529.0000,125.0000,579.0000,125.0000,579.0000,145.0000,529.0000,145.0000
541.6722,144.2124,542.5402,125.1155,582.8206,126.9464,581.9526,146.0433
559.0000,133.0000,581.0000,133.0000,581.0000,164.0000,559.0000,164.0000
557.0000,129.0000,581.0000,129.0000,581.0000,167.0000,557.0000,167.0000
547.2195,150.9756,574.4390,116.9512,594.4390,132.9512,567.2195,166.9756
549.0001,148.0000,579.0001,118.0000,596.5001,135.5000,566.5001,165.5000
549.0001,148.0000,580.0001,117.0000,597.5001,134.5000,566.5001,165.5000
549.0001,148.0000,580.0001,117.0000,598.0001,135.0000,567.0001,166.0000
550.5000,147.5000,580.0000,118.0000,597.5000,135.5000,568.0000,165.0000
551.9302,146.3009,581.8128,118.1761,597.9890,135.3633,568.1064,163.4881
552.8679,146.3596,582.7504,118.2348,598.9266,135.4220,569.0440,163.5468
553.4048,143.4212,583.7107,118.7977,598.2706,136.7177,567.9647,161.3412
554.0923,134.3066,588.1269,120.2234,596.3868,140.1848,562.3522,154.2680
554.8734,131.9159,589.0250,119.7976,596.1516,139.8817,562.0000,152.0000
556.2213,130.3796,589.5933,120.0228,595.8309,140.1215,562.4588,150.4783
560.2587,125.0072,593.8154,121.7598,595.6618,140.8392,562.1052,144.0866
561.1085,125.3455,593.9105,121.8310,596.0252,141.5687,563.2232,145.0832
562.1089,125.0891,593.9901,121.9010,595.9406,141.4059,564.0593,144.5941
563.2652,124.7843,594.2225,121.8360,596.0023,140.5236,565.0450,143.4719
562.8903,125.0122,593.5122,121.6098,595.6342,140.7073,565.0122,144.1098
562.7784,144.9297,581.2432,119.5406,595.8109,130.1351,577.3460,155.5243
560.9077,127.3385,577.8154,117.6769,592.5847,143.5231,575.6769,153.1846
553.2101,139.8853,559.1974,119.5287,590.9777,128.8758,584.9904,149.2325
554.7113,140.6495,563.0413,121.9072,591.8970,134.7320,583.5670,153.4742
551.9000,141.3000,558.3000,122.1000,589.8000,132.6000,583.4000,151.8000
552.3019,141.9434,557.7358,122.9245,591.1509,132.4717,585.7169,151.4906
553.3307,141.4538,558.6154,122.0769,592.2923,131.2615,587.0076,150.6385
555.0000,125.0000,589.0000,125.0000,589.0000,144.0000,555.0000,144.0000
551.0000,125.0000,586.0000,125.0000,586.0000,144.0000,551.0000,144.0000
543.5001,128.5000,578.6000,116.8000,583.5001,131.5000,548.4001,143.2000
537.2922,137.0674,570.8203,116.1124,578.3483,128.1573,544.8203,149.1124
538.1343,137.9061,570.4833,115.2618,579.6913,128.4161,547.3423,151.0604
537.4615,137.6923,570.2308,115.8462,578.8461,128.7692,546.0768,150.6154
537.7745,126.6791,575.4722,118.7427,578.9523,135.2732,541.2546,143.2096
537.5541,137.1757,570.0946,113.9324,580.0946,127.9324,547.5541,151.1757
538.3244,125.0541,576.0677,119.0946,578.8649,136.8108,541.1216,142.7703
538.5999,125.2000,577.0999,119.7000,579.5999,137.2000,541.0999,142.7000
538.5302,124.3289,577.0549,118.6215,579.6536,136.1624,541.1288,141.8698
539.4335,125.3179,577.9825,119.3873,580.6647,136.8208,542.1156,142.7514
537.7919,127.5258,577.1331,118.1588,580.8347,133.7060,541.4935,143.0730
538.6161,137.1120,571.1161,114.6120,580.7280,128.4960,548.2280,150.9960
537.8054,137.4362,570.6243,114.4631,579.8323,127.6175,547.0134,150.5906
538.8055,136.4362,570.6846,114.1208,579.8926,127.2752,548.0135,149.5906
537.6154,136.9231,570.6154,114.9231,579.3846,128.0770,546.3846,150.0770
540.5516,123.4738,578.7865,117.8094,581.3207,134.9154,543.0858,140.5799
547.2353,122.9412,581.8235,114.2941,585.8824,130.5294,551.2941,139.1765
567.5135,120.0811,592.6486,115.8919,596.1351,136.8108,570.9999,141.0000
572.0000,119.0000,597.0000,119.0000,597.0000,143.0000,572.0000,143.0000
574.6379,136.1552,575.7759,116.8103,608.1345,118.7138,606.9966,138.0586
577.3974,132.5197,579.7119,115.1616,615.1485,119.8865,612.8340,137.2445
578.3641,132.1329,581.0115,114.9248,617.5317,120.5433,614.8844,137.7514
575.4967,134.8712,577.0332,116.9457,615.4368,120.2374,613.9003,138.1629
575.0000,119.0000,613.0000,119.0000,613.0000,137.0000,575.0000,137.0000
572.8379,136.9956,573.3430,118.3066,612.4766,119.3642,611.9714,138.0533
571.8262,134.8683,572.9406,116.4813,613.0961,118.9149,611.9817,137.3019
572.0000,118.0000,612.0000,118.0000,612.0000,137.0000,572.0000,137.0000
570.4581,118.5748,610.6586,117.3924,611.2352,136.9931,571.0346,138.1754
571.0000,118.0000,611.0000,118.0000,611.0000,137.0000,571.0000,137.0000
570.0000,118.0000,610.0000,118.0000,610.0000,136.0000,570.0000,136.0000
570.0000,118.0000,611.0000,118.0000,611.0000,137.0000,570.0000,137.0000
570.0000,119.0000,610.0000,119.0000,610.0000,137.0000,570.0000,137.0000
571.0000,118.0000,611.0000,118.0000,611.0000,136.0000,571.0000,136.0000
570.0000,118.0000,610.0000,118.0000,610.0000,136.0000,570.0000,136.0000
571.0000,118.0000,611.0000,118.0000,611.0000,137.0000,571.0000,137.0000
571.0000,118.0000,611.0000,118.0000,611.0000,136.0000,571.0000,136.0000
570.8685,135.9966,571.3612,117.2727,611.4650,118.3280,610.9723,137.0519
572.0000,118.0000,612.0000,118.0000,612.0000,136.0000,572.0000,136.0000
571.0000,118.0000,611.0000,118.0000,611.0000,137.0000,571.0000,137.0000
571.0000,118.0000,611.0000,118.0000,611.0000,136.0000,571.0000,136.0000
571.8345,133.8138,572.9103,115.5241,613.0069,117.8828,611.9311,136.1724
572.0000,117.0000,611.0000,117.0000,611.0000,136.0000,572.0000,136.0000
572.0000,118.0000,611.0000,118.0000,611.0000,137.0000,572.0000,137.0000
573.0000,118.0000,612.0000,118.0000,612.0000,137.0000,573.0000,137.0000
571.1683,120.5680,610.9736,115.1400,613.7667,135.6227,573.9614,141.0507
574.0000,118.0000,614.0000,118.0000,614.0000,139.0000,574.0000,139.0000
577.0000,118.0000,618.0000,118.0000,618.0000,139.0000,577.0000,139.0000
578.0000,119.0000,621.0000,119.0000,621.0000,139.0000,578.0000,139.0000
578.0000,120.0000,623.0000,120.0000,623.0000,141.0000,578.0000,141.0000
575.6559,120.6781,622.6370,119.1121,623.3329,139.9889,576.3519,141.5549
575.2478,120.7168,623.1018,117.5266,624.5310,138.9646,576.6770,142.1549
575.5916,119.7469,623.6049,118.1465,624.3329,139.9889,576.3196,141.5893
579.0000,120.0000,626.0000,120.0000,626.0000,140.0000,579.0000,140.0000
579.0000,118.0000,627.0000,118.0000,627.0000,139.0000,579.0000,139.0000
581.0000,119.0000,629.0000,119.0000,629.0000,139.0000,581.0000,139.0000
581.0000,119.0000,629.0000,119.0000,629.0000,140.0000,581.0000,140.0000
579.5007,119.0178,627.5466,117.3019,628.3211,138.9886,580.2752,140.7045
580.0000,118.0000,629.0000,118.0000,629.0000,139.0000,580.0000,139.0000
582.0000,119.0000,631.0000,119.0000,631.0000,140.0000,582.0000,140.0000
582.0000,118.0000,631.0000,118.0000,631.0000,139.0000,582.0000,139.0000
583.0000,118.0000,632.0000,118.0000,632.0000,139.0000,583.0000,139.0000
582.5439,118.7744,631.5546,117.0843,632.2756,137.9905,583.2648,139.6805
583.0000,118.0000,633.0000,118.0000,633.0000,139.0000,583.0000,139.0000
583.0000,118.0000,632.0000,118.0000,632.0000,139.0000,583.0000,139.0000
582.0000,118.0000,632.0000,118.0000,632.0000,139.0000,582.0000,139.0000
582.0000,118.0000,633.0000,118.0000,633.0000,139.0000,582.0000,139.0000
581.5475,118.8777,632.4869,117.1211,633.2399,138.9572,582.3004,140.7138
582.0000,117.0000,632.0000,117.0000,632.0000,138.0000,582.0000,138.0000
582.0000,117.0000,632.0000,117.0000,632.0000,138.0000,582.0000,138.0000
579.3912,116.9503,628.4714,115.1974,629.2141,135.9924,580.1339,137.7452
574.3102,128.5219,609.8394,111.9416,619.3941,132.4161,583.8649,148.9964
586.0000,123.0000,607.0000,123.0000,607.0000,159.0000,586.0000,159.0000
566.2585,132.0045,578.2585,109.0044,614.3135,127.8157,602.3135,150.8157
561.3200,134.7600,564.5200,112.3600,609.5999,118.8000,606.4000,141.2000
555.8241,115.0104,604.2448,112.1621,605.4344,132.3862,557.0138,135.2345
555.5000,114.5000,605.1124,110.8698,606.6230,131.5154,557.0106,135.1456
556.2661,113.7150,606.6199,111.9786,607.3575,133.3670,557.0036,135.1033
556.3160,112.7962,606.6185,111.1736,607.3087,132.5707,557.0062,134.1933
557.0000,113.0000,607.0000,113.0000,607.0000,134.0000,557.0000,134.0000
557.0000,113.0000,606.0000,113.0000,606.0000,134.0000,557.0000,134.0000
557.7600,133.9572,558.5118,112.1556,606.5927,113.8135,605.8408,135.6152
558.0000,113.0000,605.0000,113.0000,605.0000,135.0000,558.0000,135.0000
557.4860,132.9669,558.8911,111.1865,606.0176,114.2269,604.6124,136.0073
557.7601,132.9572,558.5142,111.0867,604.4941,112.6722,603.7399,134.5428
557.0000,112.0000,603.0000,112.0000,603.0000,134.0000,557.0000,134.0000
554.8162,114.4657,601.4329,111.6404,602.6423,131.5974,556.0256,134.4227
553.9538,115.1692,599.5908,112.6339,600.7047,132.6831,555.0677,135.2185
552.7667,114.6505,598.5078,111.8783,599.7594,132.5297,554.0183,135.3019
551.4391,115.7482,597.3535,112.0254,599.0081,132.4318,553.0936,136.1546
551.3826,115.6248,598.7633,114.1890,599.3862,134.7459,552.0055,136.1817
551.3441,114.6663,599.7454,113.1050,600.4075,133.6320,552.0062,135.1934
550.1628,114.9099,599.6603,112.8475,600.5078,133.1872,551.0104,135.2496
548.8989,115.3813,599.4514,112.2218,600.7004,132.2062,550.1479,135.3658
548.3589,116.8549,599.1855,112.4984,600.8630,132.0689,550.0364,136.4254
546.6580,116.5408,597.3137,113.0473,598.6794,132.8497,548.0237,136.3432
547.3607,116.9672,598.1230,112.3525,599.8935,131.8279,549.1312,136.4426
547.2130,116.3443,597.1638,111.8033,598.9753,131.7295,549.0245,136.2705
546.2868,117.1557,596.1475,112.6229,597.9099,132.0082,548.0491,136.5410
547.2226,117.0416,596.1984,112.4502,598.0193,131.8732,549.0435,136.4647
547.3236,116.0009,597.1708,111.6026,598.8936,131.1270,549.0464,135.5253
547.2139,116.9487,596.9951,112.2817,598.8074,131.6118,549.0261,136.2788
547.6948,116.4204,598.2036,113.0531,599.5266,132.8982,549.0178,136.2655
547.7036,115.5531,598.3452,112.1770,599.6682,132.0221,549.0266,135.3982
547.4069,115.8828,598.1380,111.6552,599.7587,131.1035,549.0276,135.3311
550.3563,113.6881,600.6671,112.0111,601.3153,131.4562,551.0045,133.1332
559.3768,129.7901,561.0208,109.2416,609.1129,113.0890,607.4690,133.6375
578.0000,115.0000,605.0000,115.0000,605.0000,144.0000,578.0000,144.0000
580.0000,115.0000,604.0000,115.0000,604.0000,150.0000,580.0000,150.0000
569.0001,134.0000,599.0001,104.0000,615.5001,120.5000,585.5001,150.5000
569.4000,122.8000,606.2001,104.4000,615.8000,123.6000,579.0000,142.0000
569.8000,122.6000,606.2000,104.4000,616.2000,124.4000,579.8000,142.6000
569.5444,119.8935,606.3609,104.7337,614.5207,124.5503,577.7042,139.7100
569.4828,119.2069,605.8621,104.6552,613.6552,124.1379,577.2759,138.6896
571.3528,113.5726,606.8300,104.1120,612.1743,124.1535,576.6971,133.6141
577.0000,108.0000,611.0000,108.0000,611.0000,130.0000,577.0000,130.0000
576.0000,108.0000,609.0000,108.0000,609.0000,129.0000,576.0000,129.0000
571.5787,113.1741,605.3203,105.3876,609.8708,125.1067,576.1292,132.8932
570.7049,130.7541,592.5901,104.4918,607.8360,117.1967,585.9507,143.4590
577.0000,109.0000,597.0000,109.0000,597.0000,138.0000,577.0000,138.0000
559.9310,122.8276,567.5861,104.9655,600.7758,119.1896,593.1207,137.0517
559.4943,128.1910,564.0449,108.4719,598.4438,116.4101,593.8932,136.1292
555.2099,129.1082,559.8394,109.4328,596.1247,117.9705,591.4952,137.6459
555.0000,113.0000,592.0000,113.0000,592.0000,133.0000,555.0000,133.0000
548.3599,112.4359,588.7601,111.0427,589.4026,129.6758,549.0023,131.0689
541.0991,113.9901,586.0495,109.4950,587.9703,128.7030,543.0198,133.1980
541.8508,112.0394,588.5278,109.2104,589.6880,128.3522,543.0110,131.1812
540.8161,111.4657,589.4858,108.5160,590.6843,128.2919,542.0146,131.2415
540.8896,112.1241,590.4828,109.2069,591.6069,128.3173,542.0138,131.2345
539.9259,112.2042,590.5037,109.3141,591.5907,128.3377,541.0129,131.2278
539.8897,113.1241,591.4759,110.0897,592.6000,129.2000,541.0139,132.2345
538.9325,112.3181,591.3898,109.3206,592.5305,129.2840,540.0732,132.2815
539.9517,112.1793,592.4758,109.0897,593.6000,128.2000,541.0758,131.2897
539.9292,111.2612,592.4435,108.2603,593.5809,128.1668,541.0667,131.1676
539.9000,111.3000,592.3656,108.2138,593.5380,128.1448,541.0724,131.2310
540.0269,112.0243,592.5043,109.3331,593.4905,128.5646,541.0131,131.2557
539.4156,110.7147,591.7009,109.1303,592.2927,128.6578,540.0074,130.2422
542.5129,109.5122,593.7309,108.2317,594.2193,127.7695,543.0013,129.0500
548.4704,125.9433,550.6495,105.6053,598.4225,110.7238,596.2435,131.0618
569.0000,112.0000,597.0000,112.0000,597.0000,139.0000,569.0000,139.0000
571.0000,111.0000,595.0000,111.0000,595.0000,143.0000,571.0000,143.0000
566.7886,111.8020,604.2685,105.1879,608.0538,126.6376,570.5739,133.2517
571.0000,107.0000,610.0000,107.0000,610.0000,129.0000,571.0000,129.0000
570.1918,108.8219,609.8055,104.6521,612.0301,125.7863,572.4164,129.9562
569.9000,109.3000,609.3800,103.6600,612.4000,124.8000,572.9200,130.4400
568.5486,110.9046,608.8936,103.8881,612.6882,125.7064,572.3432,132.7229
569.7599,110.6800,609.7120,103.4160,613.5519,124.5360,573.5999,131.8000
570.2798,109.9600,609.1999,104.4000,612.2399,125.6800,573.3199,131.2400
570.5519,110.5360,609.5359,103.4480,613.3759,124.5680,574.3919,131.6560
570.5779,110.0734,609.4458,103.3138,613.1522,124.6257,574.2843,131.3853
569.7297,110.3784,608.6486,103.8919,612.1081,124.6486,573.1891,131.1351
569.8862,109.8459,608.7542,103.0862,612.3505,123.7651,573.4825,130.5247
570.9799,108.8600,609.0598,103.4200,612.0999,124.7000,574.0199,130.1400
571.2324,109.4480,609.2380,104.4907,611.8810,124.7546,573.8754,129.7119
571.1683,109.5680,609.1440,104.3895,611.9189,124.7384,573.9432,129.9169
573.0000,107.0000,611.0000,107.0000,611.0000,127.0000,573.0000,127.0000
574.0000,106.0000,611.0000,106.0000,611.0000,125.0000,574.0000,125.0000
572.2469,106.9377,610.3516,105.0324,611.3442,124.8828,573.2394,126.7880
573.0000,107.0000,611.0000,107.0000,611.0000,126.0000,573.0000,126.0000
574.0000,106.0000,611.0000,106.0000,611.0000,125.0000,574.0000,125.0000
573.0000,106.0000,610.0000,106.0000,610.0000,124.0000,573.0000,124.0000
572.8189,121.9890,573.8802,104.4776,610.9863,106.7264,609.9250,124.2379
573.0000,106.0000,610.0000,106.0000,610.0000,124.0000,573.0000,124.0000
572.4235,106.5493,606.6713,105.4790,607.2488,123.9610,573.0010,125.0312
576.0000,110.0000,594.0000,110.0000,594.0000,138.0000,576.0000,138.0000
567.0000,107.0000,598.0000,107.0000,598.0000,131.0000,567.0000,131.0000
552.2236,106.5910,588.6454,105.1342,589.4249,124.6230,553.0032,126.0799
544.8976,110.1297,585.9761,105.2969,588.1194,123.5154,547.0409,128.3481
543.7522,110.4677,587.9489,104.8014,590.2451,122.7122,546.0485,128.3784
544.2179,110.1782,589.2675,105.6733,591.0991,123.9901,546.0496,128.4951
544.5823,109.5706,591.3823,105.9706,592.8235,124.7059,546.0234,128.3059
545.6304,109.5089,593.3315,105.9755,594.7177,124.6876,547.0165,128.2210
546.3922,109.5502,594.7512,108.0390,595.3619,127.5824,547.0029,129.0937
545.4264,108.6429,594.7532,107.1015,595.3610,126.5512,546.0342,128.0927
547.0000,108.0000,595.0000,108.0000,595.0000,128.0000,547.0000,128.0000
546.8002,126.9943,547.3695,107.0677,596.3866,108.4682,595.8173,128.3948
546.0000,108.0000,596.0000,108.0000,596.0000,128.0000,546.0000,128.0000
546.0000,108.0000,596.0000,108.0000,596.0000,128.0000,546.0000,128.0000
545.3462,108.7308,595.6487,107.1081,596.3087,127.5707,546.0062,129.1933
545.3420,109.6019,595.6768,107.9782,596.3400,128.5374,546.0052,130.1611
545.3230,108.6892,594.7347,107.0422,595.4196,127.5860,546.0078,129.2331
542.8327,110.3230,593.4474,107.1595,594.7004,127.2062,544.0856,130.3697
543.3773,109.6975,593.7443,108.0728,594.4054,128.5676,544.0385,130.1923
543.3452,109.6985,593.7121,108.0738,594.3732,128.5686,544.0063,130.1933
543.3431,109.6341,593.6778,108.0104,594.3389,128.5052,544.0042,130.1289
540.3524,110.8770,591.2048,106.2541,592.9671,125.6393,542.1147,130.2623
540.7036,109.5531,591.4116,106.1726,592.7390,126.0841,542.0310,129.4646
539.8729,108.4017,591.4713,105.2745,592.6771,125.1711,541.0787,128.2983
543.8448,125.9639,544.4673,106.0459,594.3873,107.6059,593.7649,127.5239
557.1520,124.6640,560.8961,104.0720,601.2880,111.4160,597.5440,132.0080
570.5883,112.3529,590.8237,107.2941,599.5883,142.3530,579.3530,147.4118
574.0000,111.0000,593.0000,111.0000,593.0000,151.0000,574.0000,151.0000
574.0000,107.0000,592.0000,107.0000,592.0000,151.0000,574.0000,151.0000
573.0000,105.0000,592.0000,105.0000,592.0000,152.0000,573.0000,152.0000
574.0000,104.0000,592.0000,104.0000,592.0000,153.0000,574.0000,153.0000
573.0000,104.0000,591.0000,104.0000,591.0000,153.0000,573.0000,153.0000
574.0000,103.0000,591.0000,103.0000,591.0000,153.0000,574.0000,153.0000
573.0000,103.0000,591.0000,103.0000,591.0000,153.0000,573.0000,153.0000
574.0000,103.0000,591.0000,103.0000,591.0000,153.0000,574.0000,153.0000
574.0000,103.0000,592.0000,103.0000,592.0000,152.0000,574.0000,152.0000
574.0000,102.0000,591.0000,102.0000,591.0000,151.0000,574.0000,151.0000
575.0000,151.0000,575.0000,102.0000,592.0000,102.0000,592.0000,151.0000
574.0000,103.0000,591.0000,103.0000,591.0000,151.0000,574.0000,151.0000
574.0000,103.0000,592.0000,103.0000,592.0000,151.0000,574.0000,151.0000
575.0000,103.0000,592.0000,103.0000,592.0000,152.0000,575.0000,152.0000
575.0000,104.0000,592.0000,104.0000,592.0000,153.0000,575.0000,153.0000
576.0000,103.0000,593.0000,103.0000,593.0000,152.0000,576.0000,152.0000
575.0000,102.0000,593.0000,102.0000,593.0000,151.0000,575.0000,151.0000
575.0000,103.0000,593.0000,103.0000,593.0000,152.0000,575.0000,152.0000
576.0000,102.0000,593.0000,102.0000,593.0000,150.0000,576.0000,150.0000
576.0000,102.0000,594.0000,102.0000,594.0000,150.0000,576.0000,150.0000
570.3585,142.2453,582.4339,99.9811,601.4528,105.4151,589.3774,147.6793
580.0000,104.0000,608.0000,104.0000,608.0000,129.0000,580.0000,129.0000
583.0000,105.0000,618.0000,105.0000,618.0000,127.0000,583.0000,127.0000
583.0000,106.0000,624.0000,106.0000,624.0000,128.0000,583.0000,128.0000
583.0000,106.0000,626.0000,106.0000,626.0000,128.0000,583.0000,128.0000
582.6804,125.0309,583.5999,104.8000,628.8701,106.8577,627.9505,127.0887
582.0000,107.0000,627.0000,107.0000,627.0000,127.0000,582.0000,127.0000
583.0000,106.0000,629.0000,106.0000,629.0000,126.0000,583.0000,126.0000
583.0000,107.0000,629.0000,107.0000,629.0000,127.0000,583.0000,127.0000
582.1118,108.5634,628.0203,105.2843,629.5685,126.9594,583.6600,130.2386
583.4741,107.7972,630.4467,106.0575,631.2206,126.9548,584.2480,128.6945
583.1385,109.5077,629.0581,106.3408,630.5492,127.9622,584.6296,131.1290
585.0000,108.0000,632.0000,108.0000,632.0000,128.0000,585.0000,128.0000
587.0000,108.0000,633.0000,108.0000,633.0000,128.0000,587.0000,128.0000
587.0000,108.0000,633.0000,108.0000,633.0000,128.0000,587.0000,128.0000
586.7108,127.2284,587.4888,107.7795,634.7731,109.6709,633.9951,129.1198
587.6453,126.1585,588.4906,106.7170,635.8359,108.7755,634.9906,128.2170
588.6434,126.2019,589.4868,106.8038,635.8340,108.8189,634.9906,128.2170
589.6904,127.3589,590.4424,107.0534,636.7123,108.7671,635.9603,129.0726
590.0000,108.0000,636.0000,108.0000,636.0000,128.0000,590.0000,128.0000
589.0000,108.0000,635.0000,108.0000,635.0000,128.0000,589.0000,128.0000
588.6794,127.3338,589.4269,107.9010,635.7430,109.6824,634.9956,129.1152
590.0000,108.0000,636.0000,108.0000,636.0000,128.0000,590.0000,128.0000
590.6551,126.2773,591.4593,106.9775,636.7972,108.8665,635.9930,128.1664
586.0000,107.0000,629.0000,107.0000,629.0000,125.0000,586.0000,125.0000
584.2974,140.2162,589.7568,107.4595,612.7838,111.2973,607.3243,144.0541
575.1592,120.9516,585.9827,100.6574,620.0830,118.8443,609.2595,139.1384
568.0460,125.9237,569.7504,104.6200,610.1320,107.8506,608.4276,129.1542
559.3278,107.6066,603.1475,103.6229,604.9262,123.1885,561.1065,127.1721
557.3931,107.7172,604.1518,103.8207,605.7863,123.4345,559.0276,127.3310
558.3442,106.6663,605.7142,105.1383,606.3742,125.6008,559.0042,127.1289
559.4168,106.5881,607.7487,105.2072,608.3336,125.6762,560.0016,127.0571
558.4588,107.5150,607.7541,106.1457,608.2991,125.7695,559.0038,127.1388
558.4470,106.6444,607.7210,105.2365,608.3074,125.7626,559.0334,127.1705
558.5318,107.6134,608.7480,106.1786,609.3083,125.7912,559.0921,127.2259
559.0000,107.0000,609.0000,107.0000,609.0000,127.0000,559.0000,127.0000
559.3941,108.6127,609.6888,107.0410,610.3288,127.5210,560.0341,129.0927
559.4589,107.6041,609.7389,106.1253,610.3146,125.6966,560.0345,127.1754
559.0000,108.0000,609.4392,105.3453,610.4972,125.4475,560.0580,128.1022
559.4176,107.6166,609.6908,106.1803,610.2765,126.6778,560.0033,128.1142
559.4010,107.6353,609.6516,106.1573,610.2540,126.6396,560.0034,128.1176
559.3835,107.6550,609.6403,106.1321,610.2614,126.6284,560.0046,128.1514
558.6295,108.8696,609.0270,104.8378,610.5946,124.4324,560.1971,128.4642
558.6243,108.7411,608.2995,105.1929,609.7056,124.8782,560.0305,128.4264
559.7125,107.6858,609.2921,104.3805,610.6063,124.0929,561.0267,127.3982
559.7821,108.5136,610.3346,105.3541,611.5719,125.1518,561.0194,128.3113
558.7219,109.4675,609.3090,105.9787,610.6202,124.9917,560.0332,128.4805
559.7568,109.3496,609.3364,106.0443,610.6063,125.0929,561.0267,128.3982
561.0754,107.9705,611.5069,105.3843,612.4905,124.5646,562.0590,127.1508
569.5026,124.9645,570.9137,105.2081,618.8832,108.6345,617.4720,128.3909
589.0000,110.0000,617.0000,110.0000,617.0000,137.0000,589.0000,137.0000
593.0000,109.0000,621.0000,109.0000,621.0000,141.0000,593.0000,141.0000
591.5247,107.2475,630.0396,103.3960,632.1882,124.8812,593.6733,128.7327
594.4730,105.5007,635.7402,104.3854,636.2971,124.9920,595.0298,126.1073
595.0000,104.0000,638.0000,104.0000,638.0000,125.0000,595.0000,125.0000
593.4760,105.6087,637.6869,104.4139,638.2430,124.9934,594.0321,126.1883
594.5030,105.6080,638.6870,104.4139,639.2431,124.9934,595.0591,126.1876
593.7055,106.8782,638.8325,103.6548,640.3503,124.9036,595.2233,128.1269
595.0000,105.0000,640.0000,105.0000,640.0000,126.0000,595.0000,126.0000
592.6342,106.7073,638.5122,101.6097,640.8781,122.9024,595.0000,128.0000
594.6882,105.9470,640.0353,102.4588,641.6882,123.9470,596.3412,127.4353
595.4839,106.8296,640.8354,102.5779,642.8364,123.9216,597.4849,128.1733
595.3658,107.2927,641.5731,102.1585,643.9755,123.7805,597.7682,128.9146
596.2144,106.3342,641.6570,101.4653,644.0479,123.7806,598.6053,128.6494
595.6268,107.1829,641.6343,102.2535,643.9534,123.8979,597.9459,128.8272
597.1707,106.5366,642.6098,101.4878,645.0976,123.8780,599.6585,128.9268
598.4158,106.1584,644.6534,101.5347,646.8812,123.8119,600.6436,128.4357
599.3544,107.6406,645.6797,102.6772,647.9534,123.8979,601.6281,128.8613
600.4489,107.5233,647.6570,102.4653,649.9534,123.8979,602.7453,128.9559
601.9236,106.0059,649.0294,102.3823,650.6882,123.9470,603.5824,127.5706
604.0000,104.0000,652.0000,104.0000,652.0000,124.0000,604.0000,124.0000
606.0000,104.0000,655.0000,104.0000,655.0000,124.0000,606.0000,124.0000
607.0000,105.0000,657.0000,105.0000,657.0000,124.0000,607.0000,124.0000
607.7237,122.1817,608.4682,102.8257,658.7401,104.7592,657.9955,124.1152
607.6682,121.4702,608.6465,102.3921,660.9705,105.0754,659.9921,124.1535
608.7972,122.7052,609.2864,104.1128,661.4871,105.4865,660.9979,124.0789
609.7402,122.2764,610.3988,103.8357,662.6536,105.7019,661.9950,124.1427
608.6142,120.4010,609.9493,101.7107,663.3199,105.5228,661.9848,124.2132
608.7803,121.5015,609.7133,102.3763,662.9282,104.9721,661.9952,124.0973
610.6758,121.4838,611.5885,103.2294,664.9053,105.8953,663.9926,124.1496
609.6904,120.3350,611.0305,101.5736,665.2538,105.4467,663.9138,124.2081
610.6259,121.4813,611.5836,102.3292,664.9501,104.9975,663.9925,124.1496
610.6830,121.4967,611.6136,102.4202,665.9234,105.0694,664.9929,124.1460
610.7193,121.4728,611.6570,103.1875,665.9246,105.9705,664.9869,124.2557
610.7986,122.6526,611.3107,103.1924,665.5100,104.6187,664.9979,124.0789
610.7986,122.6526,611.2879,104.0602,665.4872,105.4865,664.9980,124.0789
611.8228,121.7322,612.3141,103.0609,666.4871,104.4865,665.9958,123.1578
611.8278,121.7135,612.3061,103.0591,666.4500,104.4474,665.9717,123.1018
611.0000,102.0000,662.0000,102.0000,662.0000,121.0000,611.0000,121.0000
613.0000,106.0000,643.0000,106.0000,643.0000,137.0000,613.0000,137.0000
611.0000,103.0000,640.0000,103.0000,640.0000,137.0000,611.0000,137.0000
598.3571,101.4263,641.5649,100.0761,642.2078,120.6497,599.0001,122.0000
591.2111,101.6959,639.4781,99.9082,640.2699,121.2863,592.0028,123.0740
590.0000,102.0000,640.0000,102.0000,640.0000,123.0000,590.0000,123.0000
587.7410,123.9904,588.5534,102.0575,639.5576,103.9466,638.7452,125.8794
589.0000,102.0000,640.0000,102.0000,640.0000,124.0000,589.0000,124.0000
589.0000,102.0000,640.0000,102.0000,640.0000,124.0000,589.0000,124.0000
588.7358,122.9245,589.4650,101.0488,640.4750,102.7492,639.7458,124.6249
588.8400,122.9626,589.5458,101.0821,640.4928,102.7256,639.7870,124.6060
588.7503,121.9911,589.5325,100.0904,640.5032,101.9108,639.7210,123.8115
589.0000,101.0000,640.0000,101.0000,640.0000,122.0000,589.0000,122.0000
588.8077,121.9615,589.5115,100.1455,640.4585,101.7890,639.7548,123.6050
589.7336,121.9911,590.4307,101.0810,640.4751,102.7492,639.7781,123.6593
589.0000,103.0000,640.0000,103.0000,640.0000,123.0000,589.0000,123.0000
590.0000,102.0000,640.0000,102.0000,640.0000,123.0000,590.0000,123.0000
588.4874,102.5420,639.6978,101.1195,640.2414,120.6878,589.0309,122.1103
590.0000,102.0000,640.0000,102.0000,640.0000,122.0000,590.0000,122.0000
589.0000,102.0000,639.0000,102.0000,639.0000,122.0000,589.0000,122.0000
588.4993,103.4730,639.7051,102.0891,640.2343,121.6693,589.0284,123.0533
588.4279,102.5462,639.6776,101.0389,640.2533,120.6102,589.0035,122.1175
588.4596,102.5428,639.6700,101.1203,640.2390,121.6045,589.0286,123.0270
588.4611,102.5983,639.6993,101.1750,640.2422,120.7155,589.0039,122.1388
587.4421,102.5927,638.6678,101.0404,639.2605,120.5982,588.0348,122.1505
588.3677,102.7698,638.6624,101.1981,639.2956,121.4595,589.0009,123.0312
587.5024,102.5856,638.6891,101.1232,639.2210,119.7365,588.0342,121.1990
589.0000,102.0000,639.0000,102.0000,639.0000,122.0000,589.0000,122.0000
592.6146,118.9751,593.8871,99.2508,642.9410,102.4155,641.6684,122.1399
604.6552,115.8621,612.5173,96.2069,648.7242,110.6897,640.8621,130.3448
618.0000,106.0000,639.0000,106.0000,639.0000,138.0000,618.0000,138.0000
617.0000,98.0000,654.0000,98.0000,654.0000,120.0000,617.0000,120.0000
620.0000,98.0000,661.0000,98.0000,661.0000,119.0000,620.0000,119.0000
620.0000,97.0000,664.0000,97.0000,664.0000,117.0000,620.0000,117.0000
620.0000,98.0000,666.0000,98.0000,666.0000,118.0000,620.0000,118.0000
620.0000,98.0000,666.0000,98.0000,666.0000,118.0000,620.0000,118.0000
616.6393,100.0328,663.7950,95.7459,665.7213,116.9344,618.5656,121.2213
616.2878,100.8742,663.3240,95.1728,665.9412,116.7647,618.9050,122.4660
615.3928,100.7403,663.2950,94.9339,665.8218,115.7792,617.9196,121.5855
617.0000,98.0000,665.0000,98.0000,665.0000,118.0000,617.0000,118.0000
614.1398,102.0480,662.3494,95.6201,665.0481,115.8603,616.8385,122.2882
614.5436,100.4060,662.6344,95.2535,664.7416,114.9205,616.6508,120.0731
613.9307,99.5491,659.9191,92.4740,663.0520,112.8382,617.0636,119.9133
609.7833,103.2897,646.9614,94.4378,651.4571,113.3197,614.2790,122.1717
616.0000,99.0000,640.0000,99.0000,640.0000,131.0000,616.0000,131.0000
599.4312,115.2294,605.2386,95.8716,643.0368,107.2110,637.2294,126.5688
600.0000,99.0000,641.0000,99.0000,641.0000,119.0000,600.0000,119.0000
589.3337,98.6781,635.6580,97.0808,636.3599,117.4359,590.0356,119.0332
588.2766,98.7401,635.6447,97.0484,636.3747,117.4866,589.0065,119.1783
587.3490,97.7733,636.6433,96.0127,637.3707,116.3796,588.0764,118.1401
589.0000,98.0000,638.0000,98.0000,638.0000,118.0000,589.0000,118.0000
587.3907,98.7203,637.6682,97.0444,638.3174,116.5228,588.0400,118.1987
588.0000,98.0000,637.0000,98.0000,637.0000,118.0000,588.0000,118.0000
588.3773,98.6975,637.6808,97.1071,638.3097,116.6029,589.0062,118.1934
587.4478,98.6729,636.7219,97.2651,637.2781,116.7349,588.0041,118.1427
588.3574,97.7214,636.6704,96.1110,637.3186,115.5560,589.0056,117.1665
588.3774,97.6975,636.6819,96.1393,637.3098,115.6029,589.0052,117.1611
588.3384,97.8159,637.6247,96.1164,638.2934,115.5071,589.0071,117.2066
589.3121,98.7389,637.6433,97.0127,638.3351,116.3809,590.0039,118.1070
589.3752,98.6331,637.7120,97.0738,638.3398,116.5374,590.0031,118.0967
589.3563,97.6881,637.6693,96.0777,638.3175,115.5228,590.0045,117.1332
589.2380,97.9505,636.6422,96.0543,637.4138,115.3435,590.0096,117.2396
590.0000,98.0000,638.0000,98.0000,638.0000,118.0000,590.0000,118.0000
591.8088,116.9293,592.4803,96.1123,639.4315,97.6268,638.7599,118.4439
599.0890,113.6942,602.4213,92.8674,645.7910,99.8066,642.4587,120.6334
622.0000,100.0000,647.0000,100.0000,647.0000,126.0000,622.0000,126.0000
618.0385,100.1923,653.4231,93.1154,657.6538,114.2692,622.2692,121.3462
629.0000,95.0000,668.0000,95.0000,668.0000,114.0000,629.0000,114.0000
631.5558,95.8978,673.5287,94.2189,674.3594,114.9856,632.3865,116.6645
631.0000,96.0000,676.0000,96.0000,676.0000,115.0000,631.0000,115.0000
632.0000,97.0000,678.0000,97.0000,678.0000,116.0000,632.0000,116.0000
631.0000,96.0000,678.0000,96.0000,678.0000,116.0000,631.0000,116.0000
631.0000,96.0000,678.0000,96.0000,678.0000,116.0000,631.0000,116.0000
631.0000,96.0000,679.0000,96.0000,679.0000,116.0000,631.0000,116.0000
632.0000,96.0000,679.0000,96.0000,679.0000,115.0000,632.0000,115.0000
632.0000,95.0000,680.0000,95.0000,680.0000,115.0000,632.0000,115.0000
632.0000,97.0000,680.0000,97.0000,680.0000,116.0000,632.0000,116.0000
633.0000,96.0000,681.0000,96.0000,681.0000,115.0000,633.0000,115.0000
632.0000,96.0000,681.0000,96.0000,681.0000,115.0000,632.0000,115.0000
632.7396,112.9887,633.5396,94.5887,682.7944,96.7302,681.9943,115.1302
634.7469,113.0728,635.5129,94.6880,683.7625,96.6984,682.9965,115.0832
633.5287,96.8025,682.5732,95.0509,683.2854,114.9898,634.2408,116.7414
634.1878,98.6294,683.1523,95.1320,684.5685,114.9594,635.6041,118.4569
636.0000,96.0000,684.0000,96.0000,684.0000,114.0000,636.0000,114.0000
637.0000,96.0000,685.0000,96.0000,685.0000,115.0000,637.0000,115.0000
636.0000,95.0000,683.0000,95.0000,683.0000,114.0000,636.0000,114.0000
629.2408,102.4425,665.0662,91.3243,671.0891,110.7310,635.2636,121.8493
637.0000,97.0000,662.0000,97.0000,662.0000,125.0000,637.0000,125.0000
619.5038,114.4009,624.5689,93.2965,665.1513,103.0363,660.0862,124.1407
612.3185,97.5560,656.7026,96.0766,657.3874,116.6204,613.0034,118.0999
607.1721,99.8934,655.0491,95.5410,656.8934,115.8279,609.0163,120.1803
606.2139,100.9487,654.1984,96.4501,656.0193,115.8732,608.0349,120.3717
608.4034,100.9056,657.1708,96.6026,658.8936,116.1270,610.1262,120.4301
610.3742,100.6008,657.7766,99.0717,658.4064,118.5998,611.0041,120.1289
609.8605,101.4560,657.8541,95.6032,660.0668,113.7479,612.0733,119.6008
614.0000,99.0000,662.0000,99.0000,662.0000,119.0000,614.0000,119.0000
613.0000,99.0000,661.0000,99.0000,661.0000,119.0000,613.0000,119.0000
614.0000,99.0000,662.0000,99.0000,662.0000,119.0000,614.0000,119.0000
613.3942,99.6127,661.7532,98.1015,662.3649,117.6761,614.0059,119.1873
612.7744,100.6151,661.3585,97.3761,662.6727,117.0885,614.0886,120.3274
614.3466,100.7019,660.7160,99.0459,661.4128,118.5567,615.0434,120.2128
614.4585,99.6732,661.7561,98.1951,662.3961,118.6751,615.0985,120.1532
615.4391,101.0488,661.1370,97.0751,662.8293,116.5366,617.1314,120.5103
615.4095,99.6965,662.7152,98.1705,663.3462,117.7308,616.0405,119.2568
615.4421,100.5927,661.7632,99.1890,662.3568,118.7771,616.0358,120.1807
614.4899,101.1438,660.1236,96.7978,661.9034,115.4854,616.2697,119.8315
616.3706,99.7458,660.7317,98.2161,661.4050,117.7447,617.0439,119.2743
616.1648,101.2588,660.1425,96.7094,662.1118,115.7471,618.1342,120.2965
614.9985,101.6540,658.9138,96.5868,661.0817,115.3752,617.1664,120.4423
618.2028,100.8665,661.7106,99.0537,662.5182,118.4367,619.0104,120.2496
616.5436,101.7965,659.3895,98.3688,660.8903,117.1288,618.0445,120.5564
616.6232,101.7901,658.4753,98.4420,659.9762,117.2019,618.1240,120.5501
617.3585,100.7547,657.7803,99.4073,658.4595,119.7847,618.0377,121.1321
616.4391,102.0488,656.3546,98.5779,657.9681,117.1332,618.0526,120.6041
616.0609,102.5488,656.2317,98.0854,658.2317,116.0854,618.0609,120.5488
616.7692,114.1538,649.5385,92.3077,659.3846,107.0769,626.6154,128.9231
623.1433,100.2184,663.8737,95.4266,665.8123,111.9044,625.0819,116.6963
636.6476,114.0688,642.2493,93.9026,676.6504,103.4585,671.0487,123.6246
653.0000,101.0000,672.0000,101.0000,672.0000,129.0000,653.0000,129.0000
654.7510,111.9844,655.8989,93.6187,689.1440,95.6965,687.9962,114.0623
656.6959,112.0848,657.6136,93.7307,696.8654,95.6933,695.9477,114.0474
658.6958,111.0848,659.5662,93.6783,701.8605,95.7930,700.9901,113.1995
659.0000,95.0000,703.0000,95.0000,703.0000,114.0000,659.0000,114.0000
656.8816,111.9734,657.3020,94.3167,702.4193,95.3909,701.9989,113.0476
656.9999,113.0000,656.9999,96.0000,702.9999,96.0000,702.9999,113.0000
657.0000,95.0000,703.0000,95.0000,703.0000,113.0000,657.0000,113.0000
657.0000,96.0000,704.0000,96.0000,704.0000,114.0000,657.0000,114.0000
658.7811,111.0340,659.5321,93.7623,706.7039,95.8132,705.9529,113.0849
659.0000,96.0000,706.0000,96.0000,706.0000,114.0000,659.0000,114.0000
659.0000,96.0000,707.0000,96.0000,707.0000,114.0000,659.0000,114.0000
659.0000,96.0000,707.0000,96.0000,707.0000,114.0000,659.0000,114.0000
659.0000,96.0000,707.0000,96.0000,707.0000,115.0000,659.0000,115.0000
660.0000,96.0000,708.0000,96.0000,708.0000,115.0000,660.0000,115.0000
660.8701,111.8577,661.6535,94.6206,709.7360,96.8062,708.9526,114.0433
662.0000,97.0000,709.0000,97.0000,709.0000,116.0000,662.0000,116.0000
664.0000,96.0000,710.0000,96.0000,710.0000,114.0000,664.0000,114.0000
664.0000,97.0000,711.0000,97.0000,711.0000,117.0000,664.0000,117.0000
666.0000,96.0000,712.0000,96.0000,712.0000,115.0000,666.0000,115.0000
667.0000,96.0000,714.0000,96.0000,714.0000,116.0000,667.0000,116.0000
667.0000,97.0000,714.0000,97.0000,714.0000,116.0000,667.0000,116.0000
666.0000,97.0000,714.0000,97.0000,714.0000,116.0000,666.0000,116.0000
667.0000,96.0000,714.0000,96.0000,714.0000,114.0000,667.0000,114.0000
663.0000,95.0000,702.0000,95.0000,702.0000,117.0000,663.0000,117.0000
658.9739,104.5115,696.0099,88.3082,704.6165,107.9803,667.5804,124.1836
669.0000,98.0000,690.0000,98.0000,690.0000,128.0000,669.0000,128.0000
649.9456,114.5960,655.1462,95.8739,692.3325,106.2035,687.1319,124.9255
647.0000,99.0000,690.0000,99.0000,690.0000,118.0000,647.0000,118.0000
639.3451,98.6986,685.7484,97.2017,686.4084,117.6642,640.0051,119.1611
641.4437,98.5302,688.7765,97.1778,689.3352,116.7333,642.0024,118.0856
642.0000,99.0000,690.0000,99.0000,690.0000,118.0000,642.0000,118.0000
641.4431,99.6229,689.7623,98.1587,690.3523,117.6257,642.0331,119.0899
641.3752,99.6331,689.7442,98.0728,690.3731,117.5686,642.0041,119.1289
643.4119,99.5936,691.7614,98.1284,692.3532,117.6560,644.0037,119.1211
641.4874,99.5739,690.7977,98.1236,691.3448,116.7252,642.0345,118.1755
643.4731,99.5579,690.8058,98.2055,691.3377,116.8189,644.0049,118.1713
642.4263,99.6429,689.7551,98.1639,690.3648,117.6761,643.0361,119.1551
644.4313,99.6638,690.7736,98.3008,691.3457,117.7545,645.0034,119.1175
644.4731,99.5579,690.8067,98.2341,691.3638,117.7325,645.0302,119.0563
646.0000,99.0000,692.0000,99.0000,692.0000,118.0000,646.0000,118.0000
645.4119,99.5936,691.7936,98.1881,692.3863,117.7459,646.0046,119.1514
646.4138,99.6541,691.7661,98.2798,692.3560,117.7468,647.0037,119.1211
646.3233,99.7288,691.7055,98.0479,692.3904,116.5411,647.0082,118.2219
647.4566,99.6107,692.7249,98.1961,693.3044,116.7405,648.0361,118.1551
653.0000,98.0000,696.0000,98.0000,696.0000,116.0000,653.0000,116.0000
672.0000,98.0000,702.0000,98.0000,702.0000,121.0000,672.0000,121.0000
679.0000,98.0000,704.0000,98.0000,704.0000,125.0000,679.0000,125.0000
680.4035,95.9056,718.1683,92.5734,719.8755,111.9227,682.1108,115.2549
685.0000,95.0000,727.0000,95.0000,727.0000,112.0000,685.0000,112.0000
686.7217,112.1237,687.5505,93.8887,730.8247,95.8557,729.9958,114.0907
686.0000,97.0000,730.0000,97.0000,730.0000,114.0000,686.0000,114.0000
684.0000,98.0000,729.0000,98.0000,729.0000,115.0000,684.0000,115.0000
681.8306,113.2332,682.5239,95.9010,729.6884,97.7875,728.9952,115.1198
684.0000,98.0000,730.0000,98.0000,730.0000,115.0000,684.0000,115.0000
682.4948,97.8656,729.5790,96.0547,730.3073,114.9882,683.2231,116.7991
682.4579,97.9055,730.5406,96.0561,731.2689,114.9897,683.1862,116.8390
682.0000,98.0000,730.0000,98.0000,730.0000,116.0000,682.0000,116.0000
683.0000,97.0000,731.0000,97.0000,731.0000,114.0000,683.0000,114.0000
683.0000,97.0000,732.0000,97.0000,732.0000,114.0000,683.0000,114.0000
685.0000,97.0000,733.0000,97.0000,733.0000,115.0000,685.0000,115.0000
686.0000,97.0000,735.0000,97.0000,735.0000,116.0000,686.0000,116.0000
686.0000,98.0000,734.0000,98.0000,734.0000,117.0000,686.0000,117.0000
685.8491,114.3741,686.4512,96.9121,734.6009,98.5724,733.9987,116.0344
685.0000,97.0000,734.0000,97.0000,734.0000,116.0000,685.0000,116.0000
686.0000,98.0000,735.0000,98.0000,735.0000,116.0000,686.0000,116.0000
688.0000,97.0000,736.0000,97.0000,736.0000,116.0000,688.0000,116.0000
688.0000,98.0000,737.0000,98.0000,737.0000,116.0000,688.0000,116.0000
688.0000,98.0000,736.0000,98.0000,736.0000,116.0000,688.0000,116.0000
684.5028,99.7824,728.9493,95.9175,730.4465,113.1351,686.0000,117.0000
687.6266,132.7936,690.3734,101.2064,711.0862,103.0075,708.3395,134.5948
674.5464,108.8432,690.4086,91.8480,716.0261,115.7577,700.1639,132.7530
665.6301,117.9863,666.3617,98.2356,707.5275,99.7603,706.7959,119.5110
661.2849,100.6932,704.7068,99.0849,705.4274,118.5397,662.0055,120.1480
658.1753,102.3612,703.0400,97.7200,705.0094,116.7576,660.1447,121.3988
660.4344,102.7787,704.2542,98.7951,705.9344,117.2787,662.1147,121.2623
660.7656,102.4823,705.4337,99.5044,706.6859,118.2876,662.0178,121.2655
661.8497,103.3207,706.3965,100.2485,707.6296,118.1290,663.0829,121.2012
664.3875,101.6204,707.6727,100.1776,708.2920,118.7569,665.0067,120.1998
663.4218,102.6526,706.7404,101.2086,707.3553,119.6548,664.0367,121.0988
662.7149,102.6507,705.2961,99.4966,706.6767,118.1351,664.0955,121.2892
664.2700,102.7492,705.6837,101.0927,706.4185,119.4633,665.0048,121.1198
662.8173,103.4416,703.4671,100.5381,704.7310,118.2335,664.0812,121.1371
662.3366,103.3663,702.2376,99.3762,703.9703,116.7030,664.0693,120.6931
660.3693,113.6461,694.6154,94.0769,702.6154,108.0769,668.3693,127.6461
663.2565,101.9019,701.7056,100.2302,702.5037,118.5868,664.0546,120.2585
663.4719,102.9551,702.2629,99.2607,703.9214,116.6742,665.1304,120.3685
668.8262,103.5115,703.5508,95.3410,707.2229,110.9475,672.4983,119.1180
689.0000,101.0000,717.0000,101.0000,717.0000,123.0000,689.0000,123.0000
693.0000,101.0000,719.0000,101.0000,719.0000,125.0000,693.0000,125.0000
705.0000,98.0000,733.0000,98.0000,733.0000,117.0000,705.0000,117.0000
707.0770,106.3846,716.3077,92.5385,744.4615,111.3077,735.2308,125.1539
708.0769,108.3846,717.4615,94.3077,747.0000,114.0000,737.6154,128.0769
706.9194,108.5436,716.9261,94.2483,746.5234,114.9664,736.5167,129.2617
706.4706,108.8824,715.3823,94.0294,746.7058,112.8236,737.7941,127.6765
704.4615,109.6923,713.5692,93.7538,745.8769,112.2154,736.7692,128.1538
705.0610,115.4512,706.9999,98.0000,743.7682,102.0854,741.8293,119.5366
704.7076,107.2615,713.5077,91.8615,745.8154,110.3231,737.0154,125.7231
704.4339,116.1908,705.4523,97.8585,742.9477,99.9415,741.9293,118.2738
704.4359,115.0272,705.5175,97.7199,743.0584,100.0662,741.9767,117.3735
702.5897,113.9759,703.6035,96.7414,742.9379,99.0552,741.9241,116.2897
702.0000,98.0000,742.0000,98.0000,742.0000,116.0000,702.0000,116.0000
700.0000,97.0000,740.0000,97.0000,740.0000,115.0000,700.0000,115.0000
690.7231,99.7846,726.9077,95.2616,729.1847,113.4769,693.0001,118.0000
697.0000,103.0000,718.0000,103.0000,718.0000,132.0000,697.0000,132.0000
677.5917,117.9814,678.4474,99.1567,711.5608,100.6618,710.7051,119.4866
666.5119,102.3990,703.3163,99.4547,704.8299,118.3736,668.0255,121.3180
659.5400,115.0712,694.0564,95.6558,701.4274,108.7596,666.9110,128.1750
660.3513,117.8919,691.2837,95.7973,700.4729,108.6622,669.5405,130.7568
659.8530,116.0882,694.1177,95.5294,701.8823,108.4706,667.6177,129.0294
659.6000,113.2000,694.7999,95.6000,701.2000,108.4000,666.0000,126.0000
659.9139,114.7359,694.4302,95.3205,701.6142,108.0920,667.0978,127.5074
660.9041,117.5280,692.9360,95.3520,702.0801,108.5600,670.0481,130.7360
660.1177,115.5294,694.3823,94.9706,702.0588,107.7647,667.7942,128.3235
661.3286,116.2888,694.0795,95.2346,702.3646,108.1227,669.6138,129.1769
660.6891,117.3649,692.2838,94.7973,701.9459,108.3243,670.3513,130.8919
660.8681,117.4760,692.9001,95.3000,702.4041,109.0280,670.3721,131.2040
660.0969,113.6817,694.3530,95.4118,701.2457,108.3357,666.9896,126.6056
660.9458,116.2491,692.7870,95.7798,700.9098,108.4152,669.0686,128.8845
662.2192,104.0822,699.2822,100.1808,701.1287,117.7233,664.0657,121.6247
661.1083,116.5018,692.9495,96.0325,700.9098,108.4152,669.0686,128.8845
661.4924,114.8615,695.0923,95.6615,702.2923,108.2615,668.6923,127.4615
662.7059,112.8235,696.1315,94.9966,702.8305,107.5571,669.4048,125.3841
672.0320,105.3025,702.4947,95.7829,707.2278,110.9288,676.7652,120.4484
696.0000,102.0000,714.0000,102.0000,714.0000,125.0000,696.0000,125.0000
697.0000,99.0000,726.0000,99.0000,726.0000,117.0000,697.0000,117.0000
705.8199,113.2600,708.1599,96.8800,736.2999,100.9000,733.9600,117.2800
706.1616,114.9644,707.9972,97.5260,739.6986,100.8630,737.8630,118.3014
705.8777,114.4817,708.4009,97.6602,741.4572,102.6186,738.9340,119.4401
703.9400,114.4200,706.3400,97.6200,740.2200,102.4600,737.8200,119.2600
697.4575,115.1534,699.2109,98.4959,738.7205,102.6548,736.9671,119.3123
696.5776,114.4360,698.1776,97.6360,739.5640,101.5775,737.9641,118.3775
696.5865,115.3416,698.1776,98.6359,739.4697,102.5685,737.8787,119.2742
694.5050,114.9505,696.2476,97.5248,738.7228,101.7723,736.9802,119.1980
694.7083,116.1290,695.5408,98.6448,738.8236,100.7059,737.9911,118.1900
694.5380,115.5448,696.0276,97.6690,739.3931,101.2828,737.9034,119.1586
694.6229,115.1475,696.2295,97.4754,739.5984,101.4180,737.9918,119.0902
693.7079,114.0674,695.3843,96.4652,739.6495,100.6809,737.9731,118.2832
694.7603,116.0362,695.5906,98.5995,739.8236,100.7059,738.9933,118.1425
694.7106,116.0815,695.5431,98.5973,739.8236,100.7059,738.9911,118.1900
695.0000,99.0000,739.0000,99.0000,739.0000,118.0000,695.0000,118.0000
694.5328,115.1394,696.1475,97.3771,741.5901,101.5082,739.9754,119.2705
695.5518,115.3793,697.0414,97.5035,741.4828,101.2069,739.9932,119.0828
694.7690,116.0804,695.6083,97.6186,741.8309,99.7196,740.9917,118.1814
696.4785,116.5183,697.9857,97.6788,743.4149,101.3132,741.9077,120.1526
696.6375,115.5310,698.1384,96.7711,743.4881,100.3990,741.9872,119.1590
697.6375,116.5310,699.1447,97.6916,744.4944,101.3195,742.9872,120.1590
698.6886,118.1604,699.4924,99.6736,744.7981,101.6434,743.9943,120.1302
699.4690,116.3724,701.0345,97.5862,746.5518,101.3793,744.9862,120.1655
701.6569,118.2357,702.4281,99.7262,747.7660,101.6152,746.9948,120.1248
702.6310,118.1196,703.4722,99.6124,748.8330,101.6742,747.9918,120.1814
703.6329,119.0742,704.4722,100.6124,750.8309,102.7196,749.9917,121.1814
706.0000,103.0000,752.0000,103.0000,752.0000,123.0000,706.0000,123.0000
707.1109,121.7051,709.3314,102.4613,757.1942,107.9839,754.9737,127.2277
707.6121,123.7564,710.1750,103.8936,760.5303,110.3910,757.9673,130.2538
708.3846,122.0769,712.2692,102.6538,764.3846,113.0769,760.4999,132.5000
710.1923,124.0385,714.0770,104.6154,766.7692,115.1538,762.8846,134.5769
712.1885,125.3591,715.9739,105.8014,768.6770,116.0020,764.8916,135.5597
712.4113,126.2086,716.1605,106.8375,769.6410,117.1886,765.8917,136.5597
714.3718,127.4434,717.8475,107.2841,772.3313,116.6778,768.8556,136.8372
716.1082,127.6487,720.4791,107.6673,775.2340,119.6449,770.8630,139.6263
718.2007,128.6967,722.2303,109.2201,776.8245,120.5154,772.7948,139.9920
720.0480,130.7360,723.8240,109.9680,777.6799,119.7600,773.9039,140.5280
721.2417,130.4983,725.3877,110.4595,779.9818,121.7549,775.8358,141.7936
724.1559,130.9030,728.6407,111.6828,782.3814,124.2223,777.8967,143.4426
726.2567,134.2981,729.9472,114.6151,784.4075,124.8264,780.7170,144.5094
728.9463,136.6376,732.5704,116.1007,786.5939,125.6342,782.9697,146.1711
731.2703,138.3784,734.5946,118.4324,789.2433,127.5405,785.9189,147.4865
735.1598,141.1454,738.3779,119.9057,792.1732,128.0565,788.9551,149.2962
737.8944,142.2302,741.7322,121.7623,795.5887,131.8604,791.7510,152.3283
739.4999,144.5000,743.6922,123.5385,795.9999,134.0000,791.8077,154.9615
739.9484,146.6427,745.0450,125.5281,796.8214,138.0258,791.7247,159.1404
742.7610,147.5512,748.1152,126.8039,797.9874,139.6741,792.6332,160.4214
745.0385,152.8077,749.4231,130.8846,798.2693,140.6538,793.8846,162.5769
746.9328,153.8979,751.4581,131.9179,800.5253,142.0199,796.0001,164.0000
749.7028,151.9525,755.4486,131.1237,804.3480,144.6133,798.6022,165.4420
751.8732,151.0330,758.6261,131.5244,806.2299,148.0027,799.4769,167.5112
753.7999,153.6000,760.1000,134.7000,806.9000,150.3000,800.6000,169.2000
755.1000,154.7000,761.4000,135.8000,808.8000,151.6000,802.5000,170.5000
755.9623,161.6819,760.4709,139.8906,808.3853,149.8039,803.8768,171.5952
759.1940,164.2748,763.0334,142.0058,809.7817,150.0658,805.9423,172.3349
759.7078,167.3385,762.6155,144.0769,809.8770,149.9846,806.9692,173.2462
761.7078,168.3385,764.6001,145.2000,811.7385,151.0923,808.8462,174.2308
765.0887,169.7505,767.3649,146.2289,813.1618,150.6608,810.8856,174.1824
767.0000,151.0000,810.0000,151.0000,810.0000,174.0000,767.0000,174.0000
769.0000,152.0000,810.0000,152.0000,810.0000,175.0000,769.0000,175.0000
768.8484,153.7554,809.3325,152.3096,810.1771,175.9580,769.6930,177.4038
769.8384,154.6356,809.3767,153.1712,810.2219,175.9918,770.6836,177.4562
769.4756,155.2805,807.2317,151.0854,809.6586,172.9268,771.9025,177.1220
767.8109,155.8649,805.1081,149.6487,808.7838,171.7027,771.4865,177.9189
765.9867,157.3361,801.6472,149.9068,806.1980,171.7504,770.5375,179.1797
763.6001,170.2000,769.7001,151.9000,804.8000,163.6000,798.7001,181.9000
764.7231,158.7846,795.8616,154.8923,798.4615,175.6923,767.3231,179.5846
759.6070,177.2879,760.6849,160.0428,793.0584,162.0661,791.9805,179.3113
756.3262,176.5383,759.2583,161.1444,792.8031,167.5339,789.8710,182.9278
749.5718,164.2971,784.9952,162.8802,785.8195,183.4872,750.3962,184.9041
739.5023,184.4525,740.3620,166.3982,777.1358,168.1493,776.2761,186.2036
727.6899,192.8253,730.5109,171.6681,766.3406,176.4454,763.5197,197.6026
718.1000,190.7000,723.6000,174.2000,759.9000,186.3000,754.4000,202.8000
714.6000,198.2000,719.9000,182.3000,757.7001,194.9000,752.4000,210.8000
712.0573,205.6051,717.0255,188.7134,755.4108,200.0032,750.4427,216.8949
712.4118,211.3530,716.7059,194.1765,754.8235,203.7059,750.5295,220.8824
716.2264,210.7851,720.8253,194.2292,758.2694,204.6304,753.6705,221.1863
717.5291,209.5542,722.5416,193.0126,759.7603,204.2910,754.7477,220.8326
717.7935,207.9553,721.1655,192.3601,760.2827,200.8179,756.9107,216.4131
719.5382,206.5701,724.4586,189.8408,763.6019,201.3535,758.6815,218.0828
722.3941,204.4160,727.9416,189.1606,767.5256,203.5547,761.9781,218.8102
725.0274,203.2603,731.7260,185.3973,771.1780,200.1918,764.4794,218.0548
728.6370,199.2405,734.4948,181.0162,767.9977,191.7850,762.1400,210.0093
734.3452,208.7206,737.2822,180.8192,768.6193,184.1178,765.6823,212.0192
744.4271,184.0379,772.9785,179.5297,778.1757,212.4460,749.6243,216.9541
750.0000,182.0000,785.0000,182.0000,785.0000,212.0000,750.0000,212.0000
754.0000,181.0000,789.0000,181.0000,789.0000,210.0000,754.0000,210.0000
746.0000,181.0000,781.0000,181.0000,781.0000,212.0000,746.0000,212.0000
722.7029,196.0297,755.8636,168.7905,770.9809,187.1942,737.8203,214.4333
715.8059,195.0572,748.2646,168.1948,763.4912,186.5935,731.0325,213.4559
2
0
0
0
0
1
717.0000,175.0000,751.0000,175.0000,751.0000,209.0000,717.0000,209.0000
715.0000,173.0000,749.0000,173.0000,749.0000,209.0000,715.0000,209.0000
709.0000,168.0000,745.0000,168.0000,745.0000,203.0000,709.0000,203.0000
705.0000,167.0000,738.0000,167.0000,738.0000,204.0000,705.0000,204.0000
2
0
0
0
0
1
738.0000,214.0000,750.0000,214.0000,750.0000,248.0000,738.0000,248.0000
740.0000,221.0000,753.0000,221.0000,753.0000,255.0000,740.0000,255.0000
742.0000,224.0000,754.0000,224.0000,754.0000,258.0000,742.0000,258.0000
743.0000,222.0000,752.0000,222.0000,752.0000,258.0000,743.0000,258.0000
743.0000,206.0000,751.0000,206.0000,751.0000,244.0000,743.0000,244.0000
748.4111,203.9258,762.3428,203.9258,762.3428,239.1940,748.4111,239.1940
745.3184,203.0126,761.9350,203.0126,761.9350,235.7585,745.3184,235.7585
742.7015,199.2965,761.0602,199.2965,761.0602,230.9609,742.7015,230.9609
757.0000,206.0000,765.0000,206.0000,765.0000,240.0000,757.0000,240.0000
754.0000,207.0000,764.0000,207.0000,764.0000,242.0000,754.0000,242.0000
753.0000,203.0000,764.0000,203.0000,764.0000,238.0000,753.0000,238.0000
753.0000,200.0000,764.0000,200.0000,764.0000,235.0000,753.0000,235.0000
753.0000,198.0000,764.0000,198.0000,764.0000,232.0000,753.0000,232.0000
751.0000,193.0000,764.0000,193.0000,764.0000,227.0000,751.0000,227.0000
749.0000,191.0000,761.0000,191.0000,761.0000,225.0000,749.0000,225.0000
747.0000,189.0000,760.0000,189.0000,760.0000,224.0000,747.0000,224.0000
745.0000,188.0000,757.0000,188.0000,757.0000,222.0000,745.0000,222.0000
742.0000,187.0000,755.0000,187.0000,755.0000,220.0000,742.0000,220.0000
738.0000,184.0000,751.0000,184.0000,751.0000,218.0000,738.0000,218.0000
734.0000,182.0000,746.0000,182.0000,746.0000,216.0000,734.0000,216.0000
724.2001,212.6000,727.0070,178.9173,740.1655,180.0138,737.3586,213.6966
717.2000,210.4000,721.5539,175.5692,734.6000,177.2000,730.2462,212.0308
713.2972,208.2162,718.9999,174.0000,731.9730,176.1622,726.2702,210.3784
711.1387,207.0983,716.5029,172.2312,729.1271,174.1734,723.7630,209.0405
710.8525,206.6230,714.0164,171.8197,727.1804,173.0164,724.0164,207.8197
707.0405,205.2370,712.4278,170.2197,725.2775,172.1965,719.8902,207.2139
704.7630,205.0405,710.1503,170.0231,723.1503,172.0231,717.7630,207.0405
702.9505,203.4951,706.4257,168.7426,719.4951,170.0495,716.0198,204.8020
700.8607,203.5328,704.0165,168.8197,717.2706,170.0246,714.1149,204.7377
698.6801,202.2400,703.6600,167.3800,716.2600,169.1800,711.2800,204.0400
696.9506,201.4951,700.4258,166.7426,713.4951,168.0495,710.0199,202.8020
694.9509,201.5410,698.1066,166.8279,711.3608,168.0328,708.2050,202.7459
692.8514,201.4851,696.3266,166.7327,709.2969,168.0297,705.8217,202.7822
690.6436,203.5644,694.1287,168.7129,707.3961,170.0396,703.9109,204.8911
689.3724,206.5311,692.3380,170.9448,705.2484,172.0207,702.2828,207.6069
686.7028,210.7838,692.6217,175.2703,705.1082,177.3513,699.1892,212.8649
684.8399,218.1200,689.8599,182.9800,701.9000,184.7000,696.8799,219.8400
681.9800,228.1400,686.7999,194.4000,698.9800,196.1400,694.1600,229.8800
682.0000,209.0000,696.0000,209.0000,696.0000,243.0000,682.0000,243.0000
679.0000,226.0000,693.0000,226.0000,693.0000,259.0000,679.0000,259.0000
672.0000,233.0000,689.0000,233.0000,689.0000,263.0000,672.0000,263.0000
665.0000,256.0000,684.0000,256.0000,684.0000,285.0000,665.0000,285.0000
657.0000,272.0000,679.0000,272.0000,679.0000,297.0000,657.0000,297.0000
671.3529,306.5883,677.6470,281.4118,694.3529,285.5883,688.0588,310.7647
669.0000,285.0000,686.0000,285.0000,686.0000,308.0000,669.0000,308.0000
661.0000,287.0000,684.0000,287.0000,684.0000,309.0000,661.0000,309.0000
