1
342.9999,363.0000,342.9999,224.0000,559.9999,224.0000,559.9999,363.0000
340.9999,366.0000,340.9999,224.0000,559.9999,224.0000,559.9999,366.0000
342.5547,225.1129,558.5626,221.6006,560.7889,358.5157,344.7811,362.0280
342.0000,222.0000,562.0000,222.0000,562.0000,360.0000,342.0000,360.0000
342.0000,219.0000,560.0000,219.0000,560.0000,359.0000,342.0000,359.0000
342.9557,219.9860,558.0856,216.8223,560.0964,353.5574,344.9666,356.7211
338.9581,218.1477,559.0722,214.9107,561.0958,352.5133,340.9816,355.7503
338.0000,216.0000,561.0000,216.0000,561.0000,354.0000,338.0000,354.0000
343.0000,212.0000,557.0000,212.0000,557.0000,352.0000,343.0000,352.0000
340.0000,213.0000,561.0000,213.0000,561.0000,351.0000,340.0000,351.0000
340.0000,212.0000,559.0000,212.0000,559.0000,350.0000,340.0000,350.0000
341.0000,209.0000,562.0000,209.0000,562.0000,347.0000,341.0000,347.0000
343.9999,209.0000,558.9999,209.0000,558.9999,349.0000,343.9999,349.0000
344.0000,210.0000,559.0000,210.0000,559.0000,349.0000,344.0000,349.0000
343.0000,210.0000,564.0000,210.0000,564.0000,347.0000,343.0000,347.0000
344.0000,207.0000,562.0000,207.0000,562.0000,347.0000,344.0000,347.0000
341.7626,205.4702,563.0251,202.1923,565.1185,343.4946,343.8560,346.7725
341.0000,205.0000,560.0000,205.0000,560.0000,344.0000,341.0000,344.0000
346.0000,206.0000,561.0000,206.0000,561.0000,344.0000,346.0000,344.0000
344.0000,204.0000,560.0000,204.0000,560.0000,345.0000,344.0000,345.0000
345.0000,203.0000,563.0000,203.0000,563.0000,344.0000,345.0000,344.0000
345.0000,203.0000,559.0000,203.0000,559.0000,342.0000,345.0000,342.0000
346.0000,203.0000,563.0000,203.0000,563.0000,342.0000,346.0000,342.0000
343.0000,204.0000,561.0000,204.0000,561.0000,342.0000,343.0000,342.0000
347.0000,216.0000,564.0000,216.0000,564.0000,353.0000,347.0000,353.0000
349.0000,219.0000,565.0000,219.0000,565.0000,356.0000,349.0000,356.0000
348.0000,226.0000,562.0000,226.0000,562.0000,365.0000,348.0000,365.0000
345.5989,228.2275,557.6563,224.9899,559.7872,364.5605,347.7297,367.7980
349.2666,230.5236,562.3575,228.9682,563.3635,366.7930,350.2726,368.3484
349.0000,231.0000,560.0000,231.0000,560.0000,370.0000,349.0000,370.0000
343.0000,233.0000,558.0000,233.0000,558.0000,370.0000,343.0000,370.0000
337.2391,233.6045,555.3763,227.5451,559.2969,368.6862,341.1597,374.7456
351.0000,232.0000,566.0000,232.0000,566.0000,371.0000,351.0000,371.0000
341.0000,232.0000,559.0000,232.0000,559.0000,369.0000,341.0000,369.0000
318.0000,227.0000,531.0000,227.0000,531.0000,367.0000,318.0000,367.0000
310.4559,226.1198,529.2571,223.6334,530.8713,365.6833,312.0701,368.1697
329.0000,227.0000,548.0000,227.0000,548.0000,367.0000,329.0000,367.0000
338.6688,229.1497,556.1158,225.9983,558.1364,365.4183,340.6893,368.5697
336.0000,227.0000,552.0000,227.0000,552.0000,365.0000,336.0000,365.0000
329.0000,226.0000,548.0000,226.0000,548.0000,365.0000,329.0000,365.0000
332.0000,226.0000,548.0000,226.0000,548.0000,364.0000,332.0000,364.0000
330.5584,224.0778,547.1855,220.9831,549.1919,361.4259,332.5647,364.5205
332.0000,222.0000,548.0000,222.0000,548.0000,363.0000,332.0000,363.0000
329.5975,225.0052,548.1581,222.1668,549.9432,359.6241,331.3827,362.4626
326.1013,225.0843,541.7144,222.0041,543.6791,359.5332,328.0660,362.6134
329.0000,222.0000,544.0000,222.0000,544.0000,361.0000,329.0000,361.0000
324.9999,360.0000,324.9999,221.0000,544.9999,221.0000,544.9999,360.0000
319.0000,225.0000,538.0000,225.0000,538.0000,363.0000,319.0000,363.0000
318.0000,223.0000,534.0000,223.0000,534.0000,361.0000,318.0000,361.0000
312.0000,360.0000,312.0000,219.0000,530.0000,219.0000,530.0000,360.0000
307.0000,221.0000,526.0000,221.0000,526.0000,362.0000,307.0000,362.0000
302.0000,219.0000,521.0000,219.0000,521.0000,359.0000,302.0000,359.0000
297.0000,220.0000,518.0000,220.0000,518.0000,360.0000,297.0000,360.0000
293.0676,222.0658,513.9616,219.1205,515.8077,357.5759,294.9136,360.5211
290.0000,217.0000,511.0000,217.0000,511.0000,358.0000,290.0000,358.0000
284.0286,218.4594,503.6752,215.2529,505.7526,357.5511,286.1060,360.7576
283.0000,220.0000,504.0000,220.0000,504.0000,359.0000,283.0000,359.0000
277.9999,359.0000,277.9999,219.0000,501.9999,219.0000,501.9999,359.0000
273.8127,219.5417,493.5433,215.7856,495.9138,354.4545,276.1831,358.2105
272.0000,217.0000,494.0000,217.0000,494.0000,354.0000,272.0000,354.0000
270.0000,352.0000,270.0000,211.0000,490.0000,211.0000,490.0000,352.0000
267.0000,210.0000,488.0000,210.0000,488.0000,352.0000,267.0000,352.0000
262.6667,212.6695,483.9571,208.9503,486.2500,345.3740,264.9596,349.0931
264.0000,211.0000,483.0000,211.0000,483.0000,348.0000,264.0000,348.0000
266.5149,210.4998,486.0780,207.2227,488.1405,345.4159,268.5775,348.6929
269.9999,346.0000,269.9999,208.0000,483.9999,208.0000,483.9999,346.0000
272.9999,345.0000,272.9999,206.0000,492.9999,206.0000,492.9999,345.0000
278.0000,205.0000,495.0000,205.0000,495.0000,344.0000,278.0000,344.0000
278.0000,205.0000,495.0000,205.0000,495.0000,343.0000,278.0000,343.0000
274.7081,205.1513,493.6755,201.9312,495.6993,339.5485,276.7319,342.7686
273.0000,205.0000,491.0000,205.0000,491.0000,342.0000,273.0000,342.0000
273.0000,205.0000,490.0000,205.0000,490.0000,343.0000,273.0000,343.0000
272.9999,343.0000,272.9999,205.0000,488.9999,205.0000,488.9999,343.0000
273.0000,201.0000,484.0000,201.0000,484.0000,341.0000,273.0000,341.0000
273.0000,203.0000,487.0000,203.0000,487.0000,340.0000,273.0000,340.0000
271.0000,202.0000,485.0000,202.0000,485.0000,340.0000,271.0000,340.0000
267.0551,203.0668,481.8671,200.1640,483.7106,336.5850,268.8986,339.4879
268.0000,200.0000,481.0000,200.0000,481.0000,337.0000,268.0000,337.0000
263.4926,200.5405,479.0011,197.0645,481.1985,333.3033,265.6900,336.7792
267.0000,195.0000,475.0000,195.0000,475.0000,331.0000,267.0000,331.0000
268.9999,325.9999,268.9999,192.0000,473.9999,192.0000,473.9999,325.9999
266.0976,190.8780,473.1548,186.7369,475.8377,320.8833,268.7805,325.0244
267.0000,185.0000,481.0000,185.0000,481.0000,320.0000,267.0000,320.0000
266.9999,315.9999,266.9999,180.0000,479.9999,180.0000,479.9999,315.9999
268.0000,179.0000,478.0000,179.0000,478.0000,317.0000,268.0000,317.0000
268.9999,314.9999,268.9999,180.0000,476.9999,180.0000,476.9999,314.9999
270.0000,178.0000,473.0000,178.0000,473.0000,313.0000,270.0000,313.0000
280.0000,174.0000,487.0000,174.0000,487.0000,311.0000,280.0000,311.0000
286.6905,172.1599,491.1884,169.5041,492.9569,305.6759,288.4589,308.3317
282.1783,173.6263,484.8310,169.8735,487.3709,307.0302,284.7182,310.7830
282.0000,171.0000,484.0000,171.0000,484.0000,308.0000,282.0000,308.0000
285.0000,169.0000,485.0000,169.0000,485.0000,305.0000,285.0000,305.0000
285.0000,170.0000,483.0000,170.0000,483.0000,308.0000,285.0000,308.0000
287.0000,173.0000,483.0000,173.0000,483.0000,310.0000,287.0000,310.0000
288.0000,312.0000,288.0000,175.0000,484.0000,175.0000,484.0000,312.0000
291.0000,180.0000,484.0000,180.0000,484.0000,315.0000,291.0000,315.0000
293.0000,182.0000,484.0000,182.0000,484.0000,318.0000,293.0000,318.0000
296.0000,188.0000,489.0000,188.0000,489.0000,325.0000,296.0000,325.0000
296.6863,201.5301,486.5370,194.4986,491.6781,333.3082,301.8274,340.3397
302.0000,212.0000,490.0000,212.0000,490.0000,348.0000,302.0000,348.0000
303.0000,217.0000,493.0000,217.0000,493.0000,354.0000,303.0000,354.0000
303.0000,227.0000,493.0000,227.0000,493.0000,363.0000,303.0000,363.0000
303.0000,374.0000,303.0000,236.0000,495.0000,236.0000,495.0000,374.0000
303.0000,238.0000,493.0000,238.0000,493.0000,378.0000,303.0000,378.0000
305.0000,246.0000,502.0000,246.0000,502.0000,384.0000,305.0000,384.0000
314.0000,256.0000,505.0000,256.0000,505.0000,393.0000,314.0000,393.0000
312.0000,260.0000,504.0000,260.0000,504.0000,399.0000,312.0000,399.0000
313.9729,263.5375,506.9253,259.9644,509.4477,396.1769,316.4953,399.7501
316.0000,265.0000,511.0000,265.0000,511.0000,401.0000,316.0000,401.0000
321.0000,267.0000,520.0000,267.0000,520.0000,406.0000,321.0000,406.0000
321.0000,272.0000,517.0000,272.0000,517.0000,409.0000,321.0000,409.0000
325.0000,277.0000,523.0000,277.0000,523.0000,416.0000,325.0000,416.0000
322.9999,417.9999,322.9999,278.9999,521.9999,278.9999,521.9999,417.9999
325.0000,284.0000,529.0000,284.0000,529.0000,425.0000,325.0000,425.0000
330.0000,287.0000,534.0000,287.0000,534.0000,424.0000,330.0000,424.0000
333.0725,290.5204,539.9843,280.6674,546.6947,421.5859,339.7829,431.4389
336.5198,293.2292,539.6957,287.7379,543.5117,428.9321,340.3358,434.4233
330.0544,296.9970,535.8059,285.7742,543.4899,426.6460,337.7383,437.8689
340.0000,436.0000,340.0000,294.0000,546.0000,294.0000,546.0000,436.0000
332.0303,296.6959,541.5172,292.9550,544.0016,432.0892,334.5148,435.8301
331.6070,300.3173,535.8414,288.3035,544.1277,429.1690,339.8932,441.1828
336.0000,294.0000,547.0000,294.0000,547.0000,435.0000,336.0000,435.0000
336.5659,295.0312,547.2924,290.4501,550.3401,430.6447,339.6136,435.2258
336.0000,293.0000,549.0000,293.0000,549.0000,433.0000,336.0000,433.0000
329.7459,296.6501,547.2779,287.9489,552.7827,425.5687,335.2507,434.2700
325.8805,292.1300,541.7141,283.1369,547.5892,424.1421,331.7557,433.1352
326.2082,292.9137,537.9138,277.7919,548.1523,421.1320,336.4467,436.2538
325.6199,292.8087,544.6233,282.2118,551.4120,422.5123,332.4086,433.1093
324.4248,290.0174,544.5862,283.3459,548.8321,423.4596,328.6707,430.1312
329.0000,286.0000,547.0000,286.0000,547.0000,425.0000,329.0000,425.0000
330.3966,285.3710,549.0174,282.2026,551.0485,422.3471,332.4277,425.5155
326.4125,285.3235,545.2408,280.1133,548.5229,417.9637,329.6946,423.1739
330.0000,428.0000,330.0000,284.0000,550.0000,284.0000,550.0000,428.0000
331.9999,432.9999,331.9999,289.9999,546.9999,289.9999,546.9999,432.9999
331.0000,293.0000,552.0000,293.0000,552.0000,437.0000,331.0000,437.0000
326.1725,297.4878,548.8262,293.4395,551.3804,433.9204,328.7267,437.9686
326.9045,295.7472,547.8134,291.7307,550.3986,433.9200,329.4897,437.9366
327.0000,295.0000,548.0000,295.0000,548.0000,435.0000,327.0000,435.0000
326.9999,431.9999,326.9999,291.9999,547.9999,291.9999,547.9999,431.9999
328.6265,295.0703,550.4677,290.4485,553.3666,429.5965,331.5254,434.2182
331.0000,294.0000,553.0000,294.0000,553.0000,434.0000,331.0000,434.0000
329.0000,295.0000,550.0000,295.0000,550.0000,434.0000,329.0000,434.0000
325.9720,293.8921,547.4225,291.8971,548.6801,431.4893,327.2296,433.4844
324.6891,295.9239,548.6249,291.3067,551.4335,427.5272,327.4977,432.1443
328.9603,292.7686,552.8353,288.7708,555.3029,426.9589,331.4279,430.9567
334.0000,288.0000,557.0000,288.0000,557.0000,427.0000,334.0000,427.0000
331.9999,423.9999,331.9999,285.9999,551.9999,285.9999,551.9999,423.9999
335.9999,418.9999,335.9999,278.9999,556.9999,278.9999,556.9999,418.9999
342.0000,282.0000,564.0000,282.0000,564.0000,417.0000,342.0000,417.0000
348.7853,289.2643,570.8965,284.8221,573.6742,423.7065,351.5630,428.1487
349.0000,303.0000,570.0000,303.0000,570.0000,442.0000,349.0000,442.0000
352.0000,307.0000,576.0000,307.0000,576.0000,447.0000,352.0000,447.0000
350.0817,310.7400,573.7739,306.8832,576.1563,445.0663,352.4642,448.9231
352.0000,312.0000,575.0000,312.0000,575.0000,454.0000,352.0000,454.0000
352.0000,315.0000,572.0000,315.0000,572.0000,458.0000,352.0000,458.0000
348.0000,459.0000,348.0000,318.0000,572.0000,318.0000,572.0000,459.0000
345.8484,317.5992,569.1935,313.9969,571.5004,457.0242,348.1553,460.6265
344.0000,315.0000,564.0000,315.0000,564.0000,460.0000,344.0000,460.0000
354.0000,317.0000,578.0000,317.0000,578.0000,460.0000,354.0000,460.0000
366.0000,459.0000,366.0000,319.0000,587.0000,319.0000,587.0000,459.0000
363.0000,313.0000,584.0000,313.0000,584.0000,460.0000,363.0000,460.0000
360.0000,316.0000,580.0000,316.0000,580.0000,458.0000,360.0000,458.0000
361.0000,314.0000,580.0000,314.0000,580.0000,460.0000,361.0000,460.0000
347.9999,456.9999,347.9999,314.9999,567.9999,314.9999,567.9999,456.9999
340.0000,315.0000,561.0000,315.0000,561.0000,457.0000,340.0000,457.0000
345.0000,314.0000,566.0000,314.0000,566.0000,456.0000,345.0000,456.0000
355.0000,455.0000,355.0000,312.0000,579.0000,312.0000,579.0000,455.0000
364.0000,307.0000,585.0000,307.0000,585.0000,449.0000,364.0000,449.0000
348.5302,303.6870,568.3173,299.7621,570.8289,440.4138,351.0419,444.3386
341.0000,291.0000,556.0000,291.0000,556.0000,434.0000,341.0000,434.0000
326.1523,285.1320,546.8832,269.3655,557.1015,412.4213,336.3705,428.1878
333.0000,270.0000,547.0000,270.0000,547.0000,418.0000,333.0000,418.0000
312.9634,278.6707,537.0854,253.7683,552.5244,392.7195,328.4023,417.6219
298.9850,295.3717,525.6710,245.6599,554.5309,377.2608,327.8448,426.9726
321.0000,271.0000,537.0000,271.0000,537.0000,417.0000,321.0000,417.0000
321.0000,266.0000,539.0000,266.0000,539.0000,413.0000,321.0000,413.0000
324.0000,260.0000,538.0000,260.0000,538.0000,410.0000,324.0000,410.0000
336.0000,239.0000,552.0000,239.0000,552.0000,392.0000,336.0000,392.0000
339.0000,215.0000,553.0000,215.0000,553.0000,366.0000,339.0000,366.0000
342.0000,190.0000,558.0000,190.0000,558.0000,339.0000,342.0000,339.0000
348.9999,170.0000,563.9999,170.0000,563.9999,318.9999,348.9999,318.9999
354.9999,301.9999,354.9999,153.0000,572.9999,153.0000,572.9999,301.9999
360.0000,130.0000,575.0000,130.0000,575.0000,278.0000,360.0000,278.0000
359.0000,126.0000,570.0000,126.0000,570.0000,274.0000,359.0000,274.0000
357.0000,139.0000,567.0000,139.0000,567.0000,286.0000,357.0000,286.0000
368.0000,137.0000,576.0000,137.0000,576.0000,283.0000,368.0000,283.0000
385.0000,125.0000,595.0000,125.0000,595.0000,273.0000,385.0000,273.0000
382.9999,257.0000,382.9999,109.0000,588.9999,109.0000,588.9999,257.0000
365.0000,92.0000,570.0000,92.0000,570.0000,241.0000,365.0000,241.0000
357.0000,71.0000,558.0000,71.0000,558.0000,225.0000,357.0000,225.0000
357.0000,40.0000,558.0000,40.0000,558.0000,210.0000,357.0000,210.0000
364.0000,29.0000,559.0000,29.0000,559.0000,202.0000,364.0000,202.0000
368.0000,18.0000,565.0000,18.0000,565.0000,193.0000,368.0000,193.0000
365.0000,18.0000,562.0000,18.0000,562.0000,195.0000,365.0000,195.0000
354.0000,29.0000,545.0000,29.0000,545.0000,209.0000,354.0000,209.0000
349.0000,40.0000,543.0000,40.0000,543.0000,217.0000,349.0000,217.0000
356.0000,43.0000,552.0000,43.0000,552.0000,217.0000,356.0000,217.0000
359.0000,41.0000,551.0000,41.0000,551.0000,213.0000,359.0000,213.0000
356.9999,206.0000,356.9999,35.0000,547.9999,35.0000,547.9999,206.0000
354.9999,210.0000,354.9999,39.0000,548.9999,39.0000,548.9999,210.0000
358.9999,214.0000,358.9999,42.0000,552.9999,42.0000,552.9999,214.0000
365.0000,48.0000,559.0000,48.0000,559.0000,219.0000,365.0000,219.0000
369.0000,62.0000,560.0000,62.0000,560.0000,232.0000,369.0000,232.0000
372.0000,97.0000,564.0000,97.0000,564.0000,252.0000,372.0000,252.0000
378.0000,125.0000,568.0000,125.0000,568.0000,274.0000,378.0000,274.0000
385.0000,147.0000,575.0000,147.0000,575.0000,290.0000,385.0000,290.0000
390.0000,166.0000,577.0000,166.0000,577.0000,311.0000,390.0000,311.0000
379.0000,183.0000,570.0000,183.0000,570.0000,325.0000,379.0000,325.0000
390.0000,201.0000,579.0000,201.0000,579.0000,345.0000,390.0000,345.0000
405.0000,347.0000,405.0000,205.0000,591.0000,205.0000,591.0000,347.0000
404.0000,199.0000,590.0000,199.0000,590.0000,342.0000,404.0000,342.0000
386.0000,197.0000,572.0000,197.0000,572.0000,343.0000,386.0000,343.0000
364.3846,203.9231,553.4233,199.6268,556.7036,343.9613,367.6649,348.2576
366.0000,204.0000,553.0000,204.0000,553.0000,348.0000,366.0000,348.0000
370.6759,207.9611,560.5087,197.0512,568.6717,339.0878,378.8389,349.9977
370.9950,206.0809,561.0520,190.7889,572.6143,334.4908,382.5573,349.7828
368.5417,205.9573,552.8041,203.7373,554.5831,351.4026,370.3207,353.6226
355.6012,216.9255,543.0328,208.2078,549.9147,356.1668,362.4830,364.8845
358.0000,219.0000,536.0000,219.0000,536.0000,367.0000,358.0000,367.0000
351.0000,221.0000,530.0000,221.0000,530.0000,374.0000,351.0000,374.0000
347.0000,231.0000,523.0000,231.0000,523.0000,385.0000,347.0000,385.0000
344.0000,233.0000,516.0000,233.0000,516.0000,393.0000,344.0000,393.0000
347.0000,240.0000,514.0000,240.0000,514.0000,399.0000,347.0000,399.0000
348.0000,247.0000,518.0000,247.0000,518.0000,406.0000,348.0000,406.0000
354.0000,248.0000,524.0000,248.0000,524.0000,408.0000,354.0000,408.0000
359.0000,247.0000,526.0000,247.0000,526.0000,407.0000,359.0000,407.0000
361.5581,405.6066,369.1560,223.2565,533.5372,230.1057,525.9393,412.4558
318.4350,326.9727,495.2163,200.4133,560.7496,291.9519,383.9683,418.5113
363.3994,399.9178,397.5433,209.6872,547.8796,236.6707,513.7357,426.9012
372.0000,234.0000,532.0000,234.0000,532.0000,402.0000,372.0000,402.0000
333.3107,384.2565,442.1928,203.8233,561.1251,275.5927,452.2429,456.0259
332.3846,387.9231,453.0000,207.0000,570.6923,285.4615,450.0769,466.3846
371.1560,417.4856,402.0809,216.4740,547.2601,238.8092,516.3352,439.8208
373.6793,419.1895,391.2590,217.0225,537.2852,229.7205,519.7055,431.8875
344.4833,409.3808,435.3386,220.6815,560.5668,280.9766,469.7116,469.6759
331.7693,408.1538,435.8923,225.9385,555.8616,294.4923,451.7385,476.7076
356.1600,433.8800,383.3600,243.4800,522.5200,263.3600,495.3200,453.7600
363.4146,441.2683,385.9512,238.4390,529.1829,254.3536,506.6464,457.1829
371.6198,449.5048,379.2173,259.5687,524.5448,265.3818,516.9473,455.3179
358.0463,444.1754,410.0214,239.9873,534.1599,271.5862,482.1848,475.7743
330.5947,424.5728,446.2255,254.0173,557.3280,329.3411,441.6972,499.8965
369.1274,457.9032,374.0044,262.8251,517.7395,266.4185,512.8625,461.4966
370.0000,264.9999,512.0000,264.9999,512.0000,456.9999,370.0000,456.9999
373.0000,274.0000,515.0000,274.0000,515.0000,462.0000,373.0000,462.0000
337.7222,436.7823,441.4458,265.7786,553.9423,334.0141,450.2187,505.0178
375.4181,458.4016,392.1722,274.1066,525.6148,286.2378,508.8607,470.5328
378.3009,457.4868,390.9071,268.3939,527.5664,277.5045,514.9602,466.5974
384.0000,276.0000,518.0000,276.0000,518.0000,460.0000,384.0000,460.0000
384.0000,275.0000,520.0000,275.0000,520.0000,459.0000,384.0000,459.0000
388.0000,459.0000,388.0000,293.0000,520.0000,293.0000,520.0000,459.0000
390.0000,278.0000,522.0000,278.0000,522.0000,460.0000,390.0000,460.0000
385.0701,460.0312,403.6747,269.3341,527.3754,281.4025,508.7708,472.0996
391.8980,461.8937,395.7180,278.5358,524.3914,281.2164,520.5714,464.5743
388.9999,272.9999,515.9999,272.9999,515.9999,454.9999,388.9999,454.9999
381.0000,277.0000,510.0000,277.0000,510.0000,457.0000,381.0000,457.0000
373.0000,271.0000,500.0000,271.0000,500.0000,452.0000,373.0000,452.0000
374.0000,262.0000,505.0000,262.0000,505.0000,442.0000,374.0000,442.0000
377.9059,426.2235,391.8353,245.1411,519.3117,254.9470,505.3823,436.0294
379.8050,420.7734,383.4748,255.6328,511.0785,258.4684,507.4087,423.6091
371.0000,238.0000,499.0000,238.0000,499.0000,413.0000,371.0000,413.0000
366.0000,256.0000,495.0000,256.0000,495.0000,409.0000,366.0000,409.0000
375.0000,240.0000,503.0000,240.0000,503.0000,395.0000,375.0000,395.0000
373.0000,235.0000,500.0000,235.0000,500.0000,384.0000,373.0000,384.0000
373.0000,205.0000,496.0000,205.0000,496.0000,376.0000,373.0000,376.0000
375.0000,203.0000,499.0000,203.0000,499.0000,370.0000,375.0000,370.0000
376.0000,198.0000,498.0000,198.0000,498.0000,364.0000,376.0000,364.0000
377.0000,194.0000,499.0000,194.0000,499.0000,357.0000,377.0000,357.0000
368.1250,213.7182,497.8570,204.2831,507.7590,340.4357,378.0270,349.8708
378.0000,202.0000,502.0000,202.0000,502.0000,342.0000,378.0000,342.0000
380.0000,336.9999,380.0000,186.0000,502.0000,186.0000,502.0000,336.9999
381.0000,200.0000,504.0000,200.0000,504.0000,334.0000,381.0000,334.0000
381.5307,208.7557,507.3413,201.1308,515.0193,327.8170,389.2087,335.4419
387.0000,333.0000,387.0000,202.0000,507.0000,202.0000,507.0000,333.0000
386.0000,201.0000,504.0000,201.0000,504.0000,331.0000,386.0000,331.0000
388.0000,199.0000,507.0000,199.0000,507.0000,325.0000,388.0000,325.0000
386.2394,202.1400,507.6932,198.5679,511.3353,322.4019,389.8816,325.9741
372.5872,215.3312,502.6591,191.0805,523.8651,304.8218,393.7931,329.0724
384.0000,198.0000,506.0000,198.0000,506.0000,320.0000,384.0000,320.0000
383.0000,320.0000,383.0000,198.0000,502.0000,198.0000,502.0000,320.0000
362.4018,222.7620,492.3131,186.2244,521.7647,290.9412,391.8534,327.4787
368.1418,217.0077,496.1973,192.2953,516.8068,299.0899,388.7513,323.8024
360.0269,215.2630,488.1490,190.2636,508.7611,295.9003,380.6390,320.8997
353.7156,215.0066,482.2889,190.5164,502.0088,294.0460,373.4355,318.5361
349.2907,212.5601,477.0543,190.7468,494.4410,292.5832,366.6774,314.3965
346.0704,214.2955,473.5778,192.2270,491.4840,295.6855,363.9767,317.7541
346.5385,210.3077,470.6000,194.8000,483.6616,299.2923,359.6000,314.8000
335.9944,217.3090,462.4887,188.1180,484.7191,284.4494,358.2247,313.6404
330.8106,221.4407,458.9593,188.0106,483.6920,282.8195,355.5433,316.2496
337.2323,211.2152,462.9046,192.3643,478.0000,293.0000,352.3276,311.8509
327.5918,206.6219,450.8575,193.6466,461.6137,295.8301,338.3480,308.8055
319.1923,222.0384,444.7615,187.7923,470.8846,283.5769,345.3154,317.8230
313.9811,224.4339,440.3773,188.3207,466.7924,280.7735,340.3962,316.8867
314.3484,223.6833,439.2787,188.5466,466.2543,284.4597,341.3240,319.5964
309.7880,226.4765,433.4916,187.1163,462.6342,278.7073,338.9306,318.0675
306.4404,225.5321,428.7947,188.1461,456.7100,279.5053,334.3557,316.8913
296.7655,229.1302,418.9093,183.9901,451.6935,272.7003,329.5497,317.8404
293.8596,230.9627,415.3351,189.6093,445.4982,278.2134,324.0227,319.5667
291.7000,231.1000,413.5000,190.5000,443.0000,279.0000,321.2000,319.6000
302.7059,230.8236,421.5295,201.1177,444.5295,293.1177,325.7059,322.8236
302.8213,235.2361,422.1653,193.7251,452.8162,281.8466,333.4722,323.3575
314.8134,233.0498,432.2615,201.7303,456.4772,292.5394,339.0291,323.8589
316.6487,238.3697,434.2332,198.2841,464.2332,286.2841,346.6487,326.3697
321.8395,238.6245,438.5705,195.4848,471.3194,284.0994,354.5883,327.2391
340.0000,207.0000,447.0000,207.0000,447.0000,316.0000,340.0000,316.0000
315.4138,240.0345,430.2414,194.1035,465.0690,281.1724,350.2414,327.1035
310.3537,238.3861,424.4571,194.3007,459.0225,283.7641,344.9191,327.8495
304.1249,241.1774,418.3765,190.6941,456.8408,277.7448,342.5892,328.2281
302.7343,240.1515,414.6590,195.9022,449.7643,284.6978,337.8396,328.9471
291.4577,245.5438,403.0743,187.3091,446.8306,271.1754,335.2140,329.4101
286.6176,249.0294,395.0000,184.0000,442.8235,263.7058,334.4412,328.7353
283.9568,247.6443,392.0244,180.8967,440.4809,259.3500,332.4133,326.0977
286.1553,235.6189,398.5906,188.2777,436.3506,277.9577,323.9153,325.2989
285.3795,248.9424,393.5964,179.0524,443.1490,255.7789,334.9321,325.6689
292.0160,244.4681,401.5092,182.2561,447.3604,262.9543,337.8672,325.1663
319.0000,317.0000,319.0000,191.0000,416.0000,191.0000,416.0000,317.0000
316.3744,192.9844,413.5390,188.9359,418.7105,313.0537,321.5459,317.1023
321.0000,177.0000,417.0000,177.0000,417.0000,313.0000,321.0000,313.0000
327.0000,179.0000,421.0000,179.0000,421.0000,314.0000,327.0000,314.0000
332.0000,174.0000,425.0000,174.0000,425.0000,313.0000,332.0000,313.0000
339.0000,169.0000,431.0000,169.0000,431.0000,310.0000,339.0000,310.0000
347.0000,177.0000,440.0000,177.0000,440.0000,312.0000,347.0000,312.0000
348.0000,166.0000,438.0000,166.0000,438.0000,311.0000,348.0000,311.0000
354.0000,164.0000,441.0000,164.0000,441.0000,311.0000,354.0000,311.0000
362.1249,311.5035,366.2190,164.1172,453.7626,166.5490,449.6685,313.9352
373.0000,157.0000,459.0000,157.0000,459.0000,308.0000,373.0000,308.0000
372.0000,155.0000,455.0000,155.0000,455.0000,310.0000,372.0000,310.0000
379.0000,157.0000,463.0000,157.0000,463.0000,310.0000,379.0000,310.0000
380.0000,150.0000,461.0000,150.0000,461.0000,308.0000,380.0000,308.0000
377.0000,147.0000,459.0000,147.0000,459.0000,308.0000,377.0000,308.0000
376.0000,148.0000,456.0000,148.0000,456.0000,308.0000,376.0000,308.0000
373.0000,143.0000,451.0000,143.0000,451.0000,307.0000,373.0000,307.0000
373.0000,148.0000,453.0000,148.0000,453.0000,304.9999,373.0000,304.9999
371.0000,140.0000,447.0000,140.0000,447.0000,304.0000,371.0000,304.0000
370.0000,139.0000,450.0000,139.0000,450.0000,303.0000,370.0000,303.0000
371.0000,146.0000,451.0000,146.0000,451.0000,304.0000,371.0000,304.0000
371.0000,137.0000,447.0000,137.0000,447.0000,300.0000,371.0000,300.0000
370.0000,140.0000,448.0000,140.0000,448.0000,301.0000,370.0000,301.0000
371.0000,138.0000,447.0000,138.0000,447.0000,301.0000,371.0000,301.0000
367.9596,299.9787,371.2190,140.2698,447.1669,141.8197,443.9076,301.5287
364.7551,300.8575,375.0808,138.2274,449.3687,142.9440,439.0429,305.5742
365.6879,300.9309,374.0304,142.4227,449.7679,146.4088,441.4254,304.9171
362.6971,299.8172,375.4086,139.6515,450.6017,145.6192,437.8901,305.7849
360.2869,298.8443,374.8524,138.6229,449.2377,145.3852,434.6721,305.6066
356.8867,300.9871,375.1536,141.8045,449.8907,150.3809,431.6239,309.5634
355.6547,298.9597,374.3700,138.5432,449.4481,147.3023,430.7328,307.7188
356.4907,297.6499,379.0742,135.8011,450.5204,145.7703,427.9369,307.6191
352.0983,301.8613,376.6763,142.1041,450.7688,153.5029,426.1907,313.2601
350.8379,300.9730,377.5135,140.9189,448.8649,152.8108,422.1892,312.8649
347.1235,305.7977,383.6460,147.5337,453.8314,163.7303,417.3090,321.9944
347.1066,304.8350,376.3075,146.8068,447.6960,159.9982,418.4951,318.0263
344.3256,306.8398,381.3054,151.1350,450.5141,167.5721,413.5342,323.2769
342.1362,308.5461,378.7212,158.3552,448.0558,175.2444,411.4709,325.4352
337.9405,310.1144,380.1623,164.2575,448.3680,184.0013,406.1463,329.8582
339.4252,307.5534,382.9214,154.1718,448.4156,172.7448,404.9194,326.1264
334.2487,309.4822,381.9154,160.2647,448.6349,181.5778,400.9681,330.7953
334.3310,308.1815,379.0752,162.2764,445.4589,182.6341,400.7147,328.5392
329.4287,310.3106,383.6166,163.6844,447.9975,187.4773,393.8096,334.1035
325.5350,313.7311,379.5134,166.3288,443.6208,189.8048,389.6425,337.2071
321.8702,315.3531,382.4684,175.0205,447.1754,202.9621,386.5773,343.2947
319.7231,314.7846,377.2131,184.6756,442.1606,213.3733,384.6706,343.4824
323.8013,322.3194,325.8702,194.0463,408.8647,195.3849,406.7958,323.6580
322.1177,320.5294,353.1177,196.5294,425.1177,214.5294,394.1177,338.5294
320.6495,319.7651,341.3762,200.5871,422.2771,214.6569,401.5505,333.8348
318.9077,323.7385,334.0308,202.7539,412.6770,212.5847,397.5539,333.5693
317.6595,316.6529,352.7614,203.5466,423.4686,225.4903,388.3666,338.5966
316.8591,321.4214,347.9619,206.3410,426.4452,227.5528,395.3424,342.6331
317.0000,220.0000,399.0000,220.0000,399.0000,335.0000,317.0000,335.0000
313.8384,329.7118,329.6550,211.0873,409.6332,221.7511,393.8166,340.3755
316.0000,224.0000,400.0000,224.0000,400.0000,336.0000,316.0000,336.0000
313.1494,330.6346,328.6410,209.8001,408.0789,219.9845,392.5873,340.8189
313.0000,226.0000,397.0000,226.0000,397.0000,338.0000,313.0000,338.0000
310.6958,340.8640,313.4507,233.4218,400.6242,235.6570,397.8692,343.0992
310.0000,240.0000,395.0000,240.0000,395.0000,346.0000,310.0000,346.0000
308.0000,349.0000,308.0000,245.0000,394.0000,245.0000,394.0000,349.0000
306.6689,351.9146,309.3443,247.5729,394.5959,249.7589,391.9205,354.1005
305.5834,355.8311,308.2747,253.5599,394.4518,255.8277,391.7605,358.0989
307.1621,356.2448,313.1345,254.7138,397.7828,259.6931,391.8104,361.2242
303.7525,354.5247,318.1881,255.8812,402.9820,268.2901,388.5463,366.9336
305.0000,263.0000,389.0000,263.0000,389.0000,363.0000,305.0000,363.0000
305.3862,363.4345,311.1690,265.1276,394.7621,270.0448,388.9793,368.3517
309.0000,262.0000,390.0000,262.0000,390.0000,368.0000,309.0000,368.0000
306.8671,361.3642,321.5260,266.0809,403.7341,278.7283,389.0751,374.0116
303.8594,365.4405,316.5603,271.4541,399.3458,282.6413,386.6449,376.6277
305.9104,367.4742,317.6532,276.1411,398.7273,286.5650,386.9845,377.8980
305.0468,369.4124,318.4897,278.9782,400.8986,291.2282,387.4556,381.6623
300.2342,371.3893,314.6555,282.4577,396.5032,295.7303,382.0818,384.6619
295.0428,373.5419,308.9473,283.7947,388.9014,296.1819,374.9969,385.9291
286.0244,376.7805,295.7439,289.3049,376.4146,298.2683,366.6952,385.7439
279.1420,376.5508,292.6636,290.5043,372.7154,303.0839,359.1938,389.1304
277.1605,380.4929,284.0508,294.3641,362.8665,300.6693,355.9761,386.7981
272.2000,379.6000,283.9800,297.1400,362.9400,308.4200,351.1600,390.8800
264.6427,381.4488,278.5323,296.8486,356.8686,309.7097,342.9790,394.3100
264.0000,305.0000,339.0000,305.0000,339.0000,394.0000,264.0000,394.0000
262.0000,308.0000,339.0000,308.0000,339.0000,395.0000,262.0000,395.0000
258.0000,307.0000,333.0000,307.0000,333.0000,394.0000,258.0000,394.0000
258.0000,309.0000,333.0000,309.0000,333.0000,396.0000,258.0000,396.0000
258.0000,315.0000,331.0000,315.0000,331.0000,397.0000,258.0000,397.0000
255.0000,315.0000,329.0000,315.0000,329.0000,401.0000,255.0000,401.0000
254.0000,316.0000,327.0000,316.0000,327.0000,401.0000,254.0000,401.0000
254.0000,318.0000,326.0000,318.0000,326.0000,402.0000,254.0000,402.0000
258.0000,313.0000,328.0000,313.0000,328.0000,399.0000,258.0000,399.0000
257.0000,321.0000,328.0000,321.0000,328.0000,405.0000,257.0000,405.0000
258.0000,317.0000,327.0000,317.0000,327.0000,402.0000,258.0000,402.0000
257.0000,322.0000,327.0000,322.0000,327.0000,406.0000,257.0000,406.0000
259.1874,404.2553,261.5158,320.4311,331.2953,322.3694,328.9669,406.1936
262.0000,328.0000,332.0000,328.0000,332.0000,411.0000,262.0000,411.0000
265.0000,326.0000,334.0000,326.0000,334.0000,409.0000,265.0000,409.0000
265.0000,329.0000,334.0000,329.0000,334.0000,411.0000,265.0000,411.0000
266.0000,330.0000,333.0000,330.0000,333.0000,412.0000,266.0000,412.0000
266.0000,328.0000,334.0000,328.0000,334.0000,410.0000,266.0000,410.0000
268.0000,331.0000,335.0000,331.0000,335.0000,413.0000,268.0000,413.0000
268.8724,409.1157,272.8606,327.3590,339.9205,330.6302,335.9323,412.3870
268.7677,410.7982,273.1275,330.1420,339.3394,333.7210,334.9796,414.3772
276.0000,321.0000,337.0000,321.0000,337.0000,405.0000,276.0000,405.0000
276.0000,321.0000,337.0000,321.0000,337.0000,409.0000,276.0000,409.0000
290.0000,315.0000,341.0000,315.0000,341.0000,406.0000,290.0000,406.0000
288.0000,314.0000,336.0000,314.0000,336.0000,409.0000,288.0000,409.0000
285.6755,406.0466,299.0690,307.8276,344.8094,314.0649,331.4159,412.2839
272.0000,323.0000,330.0000,323.0000,330.0000,417.0000,272.0000,417.0000
274.7540,398.2481,305.6437,309.1432,359.4566,327.7983,328.5669,416.9032
277.0555,412.6689,281.0866,315.9202,338.9861,318.3327,334.9549,415.0814
277.6263,404.5435,296.0143,308.9258,350.4251,319.3895,332.0371,415.0071
283.0000,310.0000,339.0000,310.0000,339.0000,411.0000,283.0000,411.0000
284.2510,406.5557,299.1396,306.0577,353.5020,314.1115,338.6134,414.6094
288.5360,405.5520,307.5280,301.0960,361.2080,310.8560,342.2160,415.3120
292.7231,403.4572,315.1933,304.3238,368.2285,316.3451,345.7582,415.4785
291.7214,406.4057,306.0894,302.9568,361.9834,310.7199,347.6155,414.1688
294.0000,309.0000,351.0000,309.0000,351.0000,414.0000,294.0000,414.0000
296.3034,407.6854,321.0955,300.2528,374.7753,312.6405,349.9832,420.0730
301.0000,307.0000,358.0000,307.0000,358.0000,413.0000,301.0000,413.0000
301.4973,408.3908,319.9633,302.2110,373.6440,311.5468,355.1780,417.7266
296.3668,408.2489,310.2533,304.1005,366.7816,311.6376,352.8952,415.7860
297.6475,406.8770,307.6475,296.8770,362.1066,301.8278,352.1066,411.8278
299.3964,407.2299,312.4932,299.1810,365.6217,305.6208,352.5249,413.6697
295.5122,400.6098,319.0732,290.6585,371.4537,301.8829,347.8927,411.8341
294.2600,398.1800,309.2600,293.1800,364.8400,301.1200,349.8400,406.1200
297.9673,397.4320,313.4468,287.5277,365.9821,294.9271,350.5027,404.8314
294.0564,393.1194,310.2121,284.0684,364.4658,292.1060,348.3101,401.1570
293.8861,387.9091,316.3694,282.5188,368.8349,293.7115,346.3517,399.1017
292.8400,385.8800,312.9520,275.2640,366.0160,284.9120,345.9040,395.5280
293.8791,381.9099,312.8329,275.4771,365.1730,284.7979,346.2192,391.2308
294.2028,377.2325,311.6193,268.3791,363.1404,276.6224,345.7238,385.4758
289.2600,377.8200,300.7624,266.6306,353.2695,272.0623,341.7671,383.2517
285.5488,373.0610,297.7927,262.8659,349.9268,268.6585,337.6830,378.8537
286.2917,367.5246,299.7781,262.3305,350.5336,268.8377,337.0472,374.0317
287.2525,368.8532,300.0716,259.8908,352.4641,266.0546,339.6451,375.0171
288.2946,369.9289,292.8354,260.9514,344.5373,263.1057,339.9966,372.0832
282.8800,364.8400,298.3000,256.9000,349.6800,264.2400,334.2600,372.1800
284.2388,362.0084,299.7988,255.9172,351.1085,263.4426,335.5484,369.5338
281.1578,255.7870,335.3843,254.5259,337.8784,361.7702,283.6519,363.0313
291.0000,252.0000,341.0000,252.0000,341.0000,363.0000,291.0000,363.0000
291.5051,364.0001,293.7625,254.5209,345.2560,255.5826,342.9987,365.0618
288.0000,358.0000,288.0000,248.0000,336.0000,248.0000,336.0000,358.0000
277.4758,251.8499,328.6212,248.7502,335.3587,359.9176,284.2132,363.0174
281.6970,354.7674,291.1451,247.6893,339.2120,251.9305,329.7639,359.0086
282.1101,351.9041,289.0781,250.8674,338.8071,254.2970,331.8391,355.3337
280.4053,248.7822,332.0078,247.2645,335.2645,357.9922,283.6620,359.5099
282.0000,358.0000,282.0000,261.0000,333.0000,261.0000,333.0000,358.0000
283.0000,357.0000,283.0000,248.0000,331.0000,248.0000,331.0000,357.0000
280.3550,245.7165,329.8853,244.2156,333.1816,352.9945,283.6514,354.4954
277.1789,246.6935,329.6157,245.4740,332.1098,352.7184,279.6730,353.9378
284.9866,346.9834,296.1485,241.7430,344.4985,246.8711,333.3366,352.1115
286.5319,346.7916,295.0529,237.7229,343.6624,241.5205,335.1414,350.5892
287.2277,346.2490,291.8811,242.3230,338.6530,244.4173,333.9996,348.3433
288.5461,338.6182,291.9500,236.4983,340.5294,238.1176,337.1254,340.2375
290.0000,348.0000,290.0000,244.0000,338.0000,244.0000,338.0000,348.0000
288.8021,342.2502,295.4031,247.1947,342.7996,250.4861,336.1985,345.5416
287.1728,244.5053,335.6663,241.1610,342.5113,340.4131,294.0178,343.7574
292.8566,331.3209,294.1569,246.8024,341.2381,247.5268,339.9378,332.0452
271.3489,246.6330,321.9876,238.7207,335.5959,325.8132,284.9571,333.7255
283.8332,250.3284,331.7329,248.9196,334.1763,331.9948,286.2766,333.4036
278.0000,238.0000,330.0000,238.0000,330.0000,331.0000,278.0000,331.0000
272.9012,241.2760,320.1307,237.7514,327.0780,330.8449,279.8485,334.3695
272.8877,236.3826,320.7228,234.0301,325.3434,327.9831,277.5083,330.3357
274.4178,240.4064,324.1109,238.6628,327.2090,326.9576,277.5158,328.7012
272.9749,229.1421,322.5204,225.6653,329.2744,321.9106,279.7289,325.3875
269.0193,234.5234,317.4171,229.6016,326.5032,318.9488,278.1055,323.8706
272.8020,239.0198,320.1287,234.2871,328.3961,316.9604,281.0693,321.6931
266.3462,236.2692,313.4351,227.5491,329.4761,314.1711,282.3873,322.8912
273.4980,239.6747,322.2702,235.8039,328.5458,314.8773,279.7737,318.7481
264.8353,230.2516,318.6728,224.5242,327.5649,308.1101,273.7274,313.8375
272.2690,229.8008,319.0867,223.6608,330.2571,308.8352,283.4394,314.9752
274.1375,223.2106,323.8617,218.5307,332.1778,306.8892,282.4536,311.5691
277.9124,223.1671,327.0521,217.9945,336.4164,306.9562,287.2767,312.1288
279.2400,218.6800,324.7400,212.1800,337.6800,302.7600,292.1800,309.2600
285.9836,220.8438,332.5726,215.9397,341.6137,301.8301,295.0247,306.7343
284.3598,219.1053,328.6159,211.8303,342.7340,297.7150,298.4778,304.9900
286.4799,219.2212,331.6836,209.8393,349.4601,295.4894,304.2563,304.8713
296.2997,223.4857,341.6947,217.7213,351.4840,294.8116,306.0890,300.5760
299.9815,215.3492,343.7739,209.9869,353.7895,291.7809,309.9971,297.1432
303.8311,217.9080,350.4594,213.7447,357.3464,290.8798,310.7181,295.0430
302.0000,207.0000,359.0000,207.0000,359.0000,292.0000,302.0000,292.0000
307.4200,211.9400,353.6200,205.3400,365.6600,289.6200,319.4600,296.2200
311.9379,210.0977,358.3852,205.0307,367.6351,289.8216,321.1878,294.8886
314.3606,209.6385,360.5838,203.6465,371.6044,288.6624,325.3811,294.6543
321.3267,207.1080,373.9576,205.5601,376.3811,287.9594,323.7502,289.5073
323.2692,211.7138,369.5649,205.4817,380.8900,289.6110,334.5943,295.8431
322.2374,217.1192,369.2155,209.7789,381.5320,288.6044,334.5539,295.9447
312.1800,227.7400,356.7646,206.4169,392.2862,280.6892,347.7016,302.0123
333.7885,227.8849,377.8086,219.5363,391.0623,289.4193,347.0422,297.7679
326.3069,217.9151,382.4219,212.0082,390.8384,291.9644,334.7233,297.8712
350.5219,217.0896,396.5234,216.1696,398.1264,296.3175,352.1248,297.2375
348.1475,215.5514,395.9899,213.7346,399.1392,296.6656,351.2968,298.4824
353.2092,221.2316,400.0143,219.3594,403.1565,297.9138,356.3514,299.7859
340.6802,222.4571,383.7618,212.1996,403.3970,294.6674,360.3154,304.9249
348.6724,227.4524,392.2371,220.4821,404.4431,296.7691,360.8783,303.7395
350.0000,221.0000,407.0000,221.0000,407.0000,298.0000,350.0000,298.0000
339.2392,231.4003,379.7962,218.1752,405.2661,296.2828,364.7091,309.5079
339.8642,227.3537,382.3192,214.1301,406.0995,290.4772,363.6445,303.7009
331.5025,243.6084,375.7178,217.7262,413.3820,282.0692,369.1667,307.9513
347.7693,235.8462,389.6924,227.4615,403.5385,296.6923,361.6154,305.0769
347.0000,224.0000,404.0000,224.0000,404.0000,299.0000,347.0000,299.0000
352.9313,234.7387,396.1255,229.7547,404.3284,300.8467,361.1343,305.8307
352.5121,227.6097,397.8414,222.5732,406.4268,299.8415,361.0975,304.8780
358.6841,231.2064,404.6058,230.2879,406.0596,302.9788,360.1379,303.8973
361.7860,304.0593,363.4534,225.6905,410.6023,226.6937,408.9348,305.0625
362.4659,238.4483,405.3882,236.6218,408.2549,303.9892,365.3326,305.8156
358.0000,232.0000,415.0000,232.0000,415.0000,304.0000,358.0000,304.0000
344.0000,252.0000,389.2000,229.4000,420.2000,291.4000,375.0000,314.0000
348.5854,235.2683,400.7195,229.4756,408.6341,300.7073,356.5000,306.5000
344.2703,255.9959,390.4476,229.4090,423.2324,286.3510,377.0552,312.9380
344.5948,240.1596,385.7001,220.3410,418.9664,289.3376,377.8611,309.1562
357.5227,300.3174,359.8280,231.1609,416.1321,233.0378,413.8269,302.1942
346.7839,241.0491,395.1494,230.0570,409.8350,294.6739,361.4696,305.6660
368.0637,228.1324,411.9351,226.8229,414.1483,300.9658,370.2769,302.2753
364.8572,242.0209,405.7582,236.0562,414.7128,297.4586,373.8118,303.4233
368.7654,297.0876,370.4745,223.5925,414.6832,224.6206,412.9741,298.1157
354.9600,243.7200,398.2200,237.5400,405.9200,291.4400,362.6600,297.6200
2
0
0
0
0
1
394.0000,256.0000,416.0000,256.0000,416.0000,281.0000,394.0000,281.0000
396.0000,254.0000,418.0000,254.0000,418.0000,279.0000,396.0000,279.0000
397.0000,254.0000,419.0000,254.0000,419.0000,279.0000,397.0000,279.0000
397.0000,252.0000,418.0000,252.0000,418.0000,277.0000,397.0000,277.0000
398.0000,252.0000,419.0000,252.0000,419.0000,277.0000,398.0000,277.0000
396.0000,251.0000,417.0000,251.0000,417.0000,276.0000,396.0000,276.0000
396.0000,250.0000,416.0000,250.0000,416.0000,276.0000,396.0000,276.0000
394.0000,250.0000,414.0000,250.0000,414.0000,275.0000,394.0000,275.0000
391.0000,251.0000,411.0000,251.0000,411.0000,276.0000,391.0000,276.0000
386.0000,251.0000,406.0000,251.0000,406.0000,276.0000,386.0000,276.0000
383.0000,251.0000,402.0000,251.0000,402.0000,276.0000,383.0000,276.0000
380.0000,252.0000,399.0000,252.0000,399.0000,277.0000,380.0000,277.0000
376.0000,251.0000,395.0000,251.0000,395.0000,277.0000,376.0000,277.0000
371.0000,251.0000,390.0000,251.0000,390.0000,276.0000,371.0000,276.0000
368.0000,251.0000,386.0000,251.0000,386.0000,276.0000,368.0000,276.0000
366.0000,252.0000,384.0000,252.0000,384.0000,277.0000,366.0000,277.0000
364.0000,253.0000,382.0000,253.0000,382.0000,277.0000,364.0000,277.0000
363.0000,254.0000,382.0000,254.0000,382.0000,278.0000,363.0000,278.0000
363.0000,254.0000,381.0000,254.0000,381.0000,277.0000,363.0000,277.0000
362.0000,254.0000,380.0000,254.0000,380.0000,278.0000,362.0000,278.0000
362.0000,256.0000,379.0000,256.0000,379.0000,278.0000,362.0000,278.0000
362.0000,257.0000,379.0000,257.0000,379.0000,279.0000,362.0000,279.0000
364.0000,257.0000,381.0000,257.0000,381.0000,279.0000,364.0000,279.0000
365.0000,257.0000,382.0000,257.0000,382.0000,279.0000,365.0000,279.0000
366.0000,259.0000,383.0000,259.0000,383.0000,281.0000,366.0000,281.0000
367.0000,259.0000,384.0000,259.0000,384.0000,281.0000,367.0000,281.0000
368.0000,261.0000,385.0000,261.0000,385.0000,283.0000,368.0000,283.0000
370.0000,262.0000,386.0000,262.0000,386.0000,283.0000,370.0000,283.0000
373.0000,260.0000,389.0000,260.0000,389.0000,281.0000,373.0000,281.0000
373.0000,259.0000,390.0000,259.0000,390.0000,280.0000,373.0000,280.0000
374.0000,257.0000,391.0000,257.0000,391.0000,278.0000,374.0000,278.0000
376.0000,255.0000,392.0000,255.0000,392.0000,276.0000,376.0000,276.0000
377.0000,245.0000,394.0000,245.0000,394.0000,265.0000,377.0000,265.0000
378.0000,240.0000,394.0000,240.0000,394.0000,260.0000,378.0000,260.0000
381.0000,238.0000,397.0000,238.0000,397.0000,257.0000,381.0000,257.0000
384.0000,235.0000,400.0000,235.0000,400.0000,254.0000,384.0000,254.0000
387.0000,256.0000,387.0000,236.0000,403.0000,236.0000,403.0000,256.0000
391.0000,232.0000,407.0000,232.0000,407.0000,251.0000,391.0000,251.0000
395.0000,230.0000,411.0000,230.0000,411.0000,250.0000,395.0000,250.0000
398.0000,228.0000,413.0000,228.0000,413.0000,248.0000,398.0000,248.0000
401.0000,225.0000,417.0000,225.0000,417.0000,245.0000,401.0000,245.0000
406.0000,225.0000,421.0000,225.0000,421.0000,244.0000,406.0000,244.0000
410.0000,224.0000,426.0000,224.0000,426.0000,243.0000,410.0000,243.0000
414.0000,223.0000,429.0000,223.0000,429.0000,242.0000,414.0000,242.0000
417.0000,222.0000,433.0000,222.0000,433.0000,241.0000,417.0000,241.0000
420.0000,221.0000,436.0000,221.0000,436.0000,240.0000,420.0000,240.0000
423.0000,222.0000,439.0000,222.0000,439.0000,241.0000,423.0000,241.0000
425.0000,221.0000,441.0000,221.0000,441.0000,239.0000,425.0000,239.0000
427.0000,222.0000,443.0000,222.0000,443.0000,240.0000,427.0000,240.0000
427.0000,220.0000,443.0000,220.0000,443.0000,239.0000,427.0000,239.0000
427.0000,221.0000,444.0000,221.0000,444.0000,240.0000,427.0000,240.0000
427.0000,221.0000,444.0000,221.0000,444.0000,239.0000,427.0000,239.0000
427.0000,221.0000,443.0000,221.0000,443.0000,239.0000,427.0000,239.0000
426.0000,220.0000,443.0000,220.0000,443.0000,238.0000,426.0000,238.0000
426.0000,220.0000,443.0000,220.0000,443.0000,238.0000,426.0000,238.0000
426.0000,218.0000,442.0000,218.0000,442.0000,237.0000,426.0000,237.0000
426.0000,218.0000,443.0000,218.0000,443.0000,237.0000,426.0000,237.0000
426.0000,217.0000,442.0000,217.0000,442.0000,236.0000,426.0000,236.0000
425.0000,216.0000,442.0000,216.0000,442.0000,236.0000,425.0000,236.0000
426.0000,215.0000,442.0000,215.0000,442.0000,235.0000,426.0000,235.0000
426.0000,214.0000,443.0000,214.0000,443.0000,234.0000,426.0000,234.0000
428.0000,214.0000,444.0000,214.0000,444.0000,233.0000,428.0000,233.0000
430.0000,213.0000,446.0000,213.0000,446.0000,233.0000,430.0000,233.0000
431.0000,211.0000,447.0000,211.0000,447.0000,231.0000,431.0000,231.0000
433.0000,209.0000,449.0000,209.0000,449.0000,229.0000,433.0000,229.0000
435.0000,209.0000,451.0000,209.0000,451.0000,228.0000,435.0000,228.0000
438.0000,207.0000,454.0000,207.0000,454.0000,227.0000,438.0000,227.0000
440.0000,205.0000,456.0000,205.0000,456.0000,224.0000,440.0000,224.0000
443.0000,201.0000,459.0000,201.0000,459.0000,220.0000,443.0000,220.0000
448.0000,198.0000,463.0000,198.0000,463.0000,218.0000,448.0000,218.0000
448.2769,214.7847,450.5385,196.6923,466.5385,198.6923,464.2769,216.7847
452.0000,196.0000,468.0000,196.0000,468.0000,215.0000,452.0000,215.0000
456.0000,193.0000,471.0000,193.0000,471.0000,211.0000,456.0000,211.0000
459.3231,204.4154,461.6308,185.9538,477.5078,187.9384,475.2001,206.4000
465.0000,186.0000,480.0000,186.0000,480.0000,204.0000,465.0000,204.0000
449.6757,195.9460,452.7027,177.7838,467.9460,180.3243,464.9189,198.4865
444.0000,177.0000,459.0000,177.0000,459.0000,195.0000,444.0000,195.0000
445.0000,175.0000,460.0000,175.0000,460.0000,193.0000,445.0000,193.0000
447.0000,172.0000,461.0000,172.0000,461.0000,190.0000,447.0000,190.0000
442.4615,186.6923,445.9231,169.3846,461.6923,172.5385,458.2308,189.8461
439.1219,186.9025,441.0488,169.5610,456.4146,171.2683,454.4878,188.6098
433.0000,170.0000,448.0000,170.0000,448.0000,188.0000,433.0000,188.0000
426.0000,167.0000,441.0000,167.0000,441.0000,185.0000,426.0000,185.0000
420.0000,167.0000,435.0000,167.0000,435.0000,185.0000,420.0000,185.0000
415.0000,167.0000,430.0000,167.0000,430.0000,184.0000,415.0000,184.0000
415.0000,164.0000,430.0000,164.0000,430.0000,181.0000,415.0000,181.0000
409.0000,161.0000,423.0000,161.0000,423.0000,179.0000,409.0000,179.0000
399.0000,161.0000,414.0000,161.0000,414.0000,178.0000,399.0000,178.0000
391.0000,160.0000,406.0000,160.0000,406.0000,178.0000,391.0000,178.0000
384.0000,161.0000,399.0000,161.0000,399.0000,179.0000,384.0000,179.0000
375.0000,159.0000,390.0000,159.0000,390.0000,176.0000,375.0000,176.0000
377.0000,158.0000,392.0000,158.0000,392.0000,176.0000,377.0000,176.0000
387.0000,160.0000,402.0000,160.0000,402.0000,177.0000,387.0000,177.0000
392.0000,156.0000,407.0000,156.0000,407.0000,174.0000,392.0000,174.0000
401.0000,157.0000,417.0000,157.0000,417.0000,174.0000,401.0000,174.0000
413.7241,170.3104,419.6724,156.4311,437.0518,163.8793,431.1035,177.7586
421.0000,160.0000,436.0000,160.0000,436.0000,177.0000,421.0000,177.0000
409.0000,157.0000,424.0000,157.0000,424.0000,174.0000,409.0000,174.0000
2
0
0
0
0
1
370.0000,156.0000,387.0000,156.0000,387.0000,172.0000,370.0000,172.0000
380.0000,154.0000,397.0000,154.0000,397.0000,170.0000,380.0000,170.0000
389.0000,153.0000,406.0000,153.0000,406.0000,169.0000,389.0000,169.0000
394.0000,152.0000,411.0000,152.0000,411.0000,169.0000,394.0000,169.0000
400.0000,151.0000,417.0000,151.0000,417.0000,168.0000,400.0000,168.0000
400.0000,151.0000,416.0000,151.0000,416.0000,167.0000,400.0000,167.0000
392.3961,166.0396,394.0396,149.6040,411.2673,151.3268,409.6238,167.7624
385.8020,164.9802,387.3465,149.5346,405.6634,151.3663,404.1188,166.8119
379.0099,164.9010,380.6436,148.5643,398.9604,150.3960,397.3268,166.7327
373.9836,163.1803,375.3935,147.6721,393.7869,149.3443,392.3770,164.8524
370.0000,150.0000,387.0000,150.0000,387.0000,166.0000,370.0000,166.0000
365.0000,149.0000,382.0000,149.0000,382.0000,165.0000,365.0000,165.0000
360.0000,150.0000,377.0000,150.0000,377.0000,164.0000,360.0000,164.0000
350.2000,163.6000,353.3059,149.6235,371.8353,153.7412,368.7294,167.7177
347.0000,151.0000,365.0000,151.0000,365.0000,166.0000,347.0000,166.0000
344.0000,152.0000,361.0000,152.0000,361.0000,167.0000,344.0000,167.0000
339.0000,153.0000,356.0000,153.0000,356.0000,169.0000,339.0000,169.0000
343.0000,153.0000,361.0000,153.0000,361.0000,169.0000,343.0000,169.0000
344.0000,153.0000,362.0000,153.0000,362.0000,169.0000,344.0000,169.0000
347.0000,154.0000,365.0000,154.0000,365.0000,170.0000,347.0000,170.0000
348.0000,154.0000,366.0000,154.0000,366.0000,170.0000,348.0000,170.0000
352.0000,153.0000,369.0000,153.0000,369.0000,169.0000,352.0000,169.0000
352.2692,165.6539,355.1923,151.0385,374.8077,154.9615,371.8846,169.5769
358.3861,163.1386,359.8614,148.3861,378.9702,150.2970,377.4950,165.0495
364.0000,148.0000,384.0000,148.0000,384.0000,163.0000,364.0000,163.0000
369.3503,161.0964,370.4416,145.8173,390.7665,147.2690,389.6751,162.5482
376.0000,145.0000,396.0000,145.0000,396.0000,161.0000,376.0000,161.0000
382.0000,145.0000,401.0000,145.0000,401.0000,161.0000,382.0000,161.0000
386.0000,145.0000,406.0000,145.0000,406.0000,161.0000,386.0000,161.0000
388.1051,159.3191,389.0701,143.8794,409.6148,145.1634,408.6498,160.6031
391.0000,145.0000,411.0000,145.0000,411.0000,160.0000,391.0000,160.0000
393.0000,146.0000,414.0000,146.0000,414.0000,161.0000,393.0000,161.0000
397.8338,145.0092,417.6615,143.9077,418.5415,159.7477,398.7138,160.8492
402.0000,145.0000,423.0000,145.0000,423.0000,160.0000,402.0000,160.0000
404.0000,145.0000,424.0000,145.0000,424.0000,160.0000,404.0000,160.0000
408.0000,146.0000,429.0000,146.0000,429.0000,161.0000,408.0000,161.0000
410.0000,146.0000,432.0000,146.0000,432.0000,161.0000,410.0000,161.0000
410.0000,145.0000,432.0000,145.0000,432.0000,160.0000,410.0000,160.0000
410.0000,145.0000,431.0000,145.0000,431.0000,160.0000,410.0000,160.0000
408.0000,145.0000,430.0000,145.0000,430.0000,160.0000,408.0000,160.0000
407.8840,145.0137,428.4813,142.5904,430.3379,158.3720,409.7406,160.7952
406.0000,142.0000,428.0000,142.0000,428.0000,157.0000,406.0000,157.0000
404.0000,142.0000,425.0000,142.0000,425.0000,157.0000,404.0000,157.0000
401.0000,142.0000,423.0000,142.0000,423.0000,157.0000,401.0000,157.0000
400.0000,141.0000,421.0000,141.0000,421.0000,156.0000,400.0000,156.0000
399.0000,140.0000,420.0000,140.0000,420.0000,156.0000,399.0000,156.0000
396.7380,140.0349,418.2227,137.1703,420.3537,153.1528,398.8690,156.0175
396.0000,139.0000,418.0000,139.0000,418.0000,154.0000,396.0000,154.0000
394.0000,138.0000,416.0000,138.0000,416.0000,153.0000,394.0000,153.0000
395.0000,137.0000,416.0000,137.0000,416.0000,154.0000,395.0000,154.0000
391.9385,142.1077,412.2462,136.5693,416.3077,151.4616,396.0000,157.0000
392.0000,138.0000,412.0000,138.0000,412.0000,154.0000,392.0000,154.0000
387.8378,142.0270,408.2703,138.6216,410.9459,154.6757,390.5135,158.0811
386.0000,140.0000,407.0000,140.0000,407.0000,155.0000,386.0000,155.0000
382.9615,143.8077,404.5000,139.5000,407.5385,154.6923,386.0000,159.0000
381.7060,144.8235,401.9413,139.7647,405.7060,154.8235,385.4707,159.8823
380.1096,148.9589,398.3014,142.1369,403.8904,157.0411,385.6987,163.8630
377.7359,147.5224,398.1123,142.8202,401.6685,158.2303,381.2921,162.9326
375.8356,151.4384,394.1438,143.1165,400.5137,157.1302,382.2055,165.4521
374.6000,151.8000,393.5000,145.5000,398.7000,161.1000,379.8000,167.4000
373.7000,152.1000,392.6001,145.8000,397.7000,161.1000,378.8000,167.4000
371.3065,153.3431,389.9343,146.5694,395.3065,161.3431,376.6788,168.1168
367.5727,153.6473,387.4897,148.3361,391.4067,163.0249,371.4897,168.3361
364.0000,151.0000,384.0000,151.0000,384.0000,167.0000,364.0000,167.0000
358.8692,153.8539,378.4999,148.5000,382.7000,163.9000,363.0692,169.2539
354.0862,154.5345,371.2242,147.1897,377.4311,161.6724,360.2931,169.0172
351.7065,153.6881,370.0551,148.1835,374.3487,162.4954,356.0000,168.0000
350.7242,154.3103,367.9655,147.4138,373.6897,161.7241,356.4483,168.6207
348.0000,150.0000,368.0000,150.0000,368.0000,165.0000,348.0000,165.0000
