1
271.2001,160.6000,291.8000,119.4000,379.4000,163.2000,358.8000,204.4000
266.8634,161.6293,285.6829,120.8537,382.2634,165.4293,363.4439,206.2049
264.9950,159.3174,286.0176,118.8892,385.2305,170.4798,364.2078,210.9081
262.7397,161.6319,282.0611,120.6704,386.7647,170.0588,367.4432,211.0204
263.2990,165.5773,282.0206,123.4536,389.4639,171.2062,370.7423,213.3299
264.7746,166.9346,283.7883,123.7881,393.8828,172.3043,374.8691,215.4508
269.0571,168.0982,290.3851,124.6804,396.4139,176.7647,375.0858,220.1825
268.2000,168.6000,290.2000,124.6000,398.2000,178.6000,376.2000,222.6000
269.8000,169.4000,292.0000,125.0000,400.8000,179.4000,378.6000,223.8000
274.4000,171.2000,296.6000,126.8000,403.4000,180.2000,381.2000,224.6000
279.4496,170.1651,303.3395,125.7982,406.6239,181.4129,382.7340,225.7798
280.6000,171.8000,303.4000,126.2000,410.2000,179.6000,387.4000,225.2000
285.4000,172.2000,307.8000,127.4000,412.6000,179.8000,390.2000,224.6000
288.7846,168.8769,313.0308,126.4462,413.5077,183.8615,389.2616,226.2923
293.4001,174.2000,315.0000,131.0000,417.8000,182.4000,396.2000,225.6000
297.9401,170.5039,321.9301,128.9212,421.3707,186.2908,397.3807,227.8735
303.2371,173.2735,326.5796,130.9112,427.2566,186.3863,403.9141,228.7486
308.6000,178.8000,330.0000,136.0000,433.2000,187.6000,411.8000,230.4000
313.9330,179.9093,335.4460,137.6800,435.0045,188.3985,413.4915,230.6277
316.0001,179.0000,336.6000,137.8000,441.0001,190.0000,420.4001,231.2000
317.7259,195.9351,329.1987,147.4944,440.5574,173.8688,429.0846,222.3095
318.4000,188.8000,332.7000,145.9000,447.0000,184.0000,432.7000,226.9000
322.9831,190.2526,336.6023,148.0330,451.6032,185.1301,437.9840,227.3497
326.4403,200.4085,337.0079,150.2122,451.4111,174.2971,440.8435,224.4934
342.0000,138.0000,449.0000,138.0000,449.0000,206.0000,342.0000,206.0000
347.9618,157.5814,455.9809,129.2907,471.9294,190.1851,363.9103,218.4758
344.7380,146.0349,455.2402,131.3013,464.0612,197.4585,353.5590,212.1921
343.5735,209.6629,346.2684,142.2907,454.6550,146.6262,451.9601,213.9984
343.6905,204.6113,346.1913,140.4230,455.6875,144.6891,453.1866,208.8774
335.7783,197.6980,341.2846,138.9642,453.4550,149.4802,447.9487,208.2139
337.2893,199.7843,342.8733,142.5486,455.7260,153.5586,450.1420,210.7943
336.1247,195.3405,347.8831,146.6270,461.4719,174.0449,449.7135,222.7584
335.4781,195.4944,347.9188,146.8630,460.7228,175.7198,448.2822,224.3513
337.5776,195.6409,351.7476,146.6901,460.9885,178.3125,446.8185,227.2633
340.6318,173.9061,368.2491,130.9458,458.7184,189.1047,431.1011,232.0650
344.8009,172.2303,374.0156,130.7147,460.7871,191.7761,431.5725,233.2917
345.7472,169.9103,373.5962,130.2254,460.7478,191.3844,432.8988,231.0693
348.2823,166.1065,377.2149,128.2186,466.4276,196.3447,437.4951,234.2326
351.3271,164.0821,379.8992,127.5733,472.4924,200.0375,443.9203,236.5463
350.3791,164.1565,378.5071,127.7555,472.8538,200.6598,444.7257,237.0608
353.5583,161.4338,383.5000,127.5000,472.4689,206.0020,442.5272,239.9358
351.8400,168.8800,380.8800,130.1600,479.1201,203.8400,450.0801,242.5600
357.0233,162.5705,387.6759,129.3092,477.6734,212.2480,447.0208,245.5094
356.4792,163.9808,387.1501,130.7540,477.1118,213.7955,446.4409,247.0224
359.4400,166.9200,391.6097,133.2184,477.8735,215.5611,445.7038,249.2627
361.5001,165.5000,395.5001,131.5000,478.0001,214.0000,444.0001,248.0000
364.0001,170.0000,397.5001,136.5000,478.5001,217.5000,445.0001,251.0000
372.1478,175.3416,408.2770,143.0154,479.5985,222.7277,443.4693,255.0539
373.5001,182.5000,408.0001,148.0000,481.0001,221.0000,446.5001,255.5000
374.1312,174.5574,411.3115,143.5738,480.9836,227.1803,443.8033,258.1639
372.0001,179.0000,405.0001,146.0000,483.0001,224.0000,450.0001,257.0000
373.0001,181.0000,406.0001,148.0000,484.0001,226.0000,451.0001,259.0000
374.6581,178.5463,408.9648,146.8786,482.9968,227.0799,448.6901,258.7476
374.0001,181.0000,406.5001,148.5000,484.5001,226.5000,452.0001,259.0000
377.0001,183.0000,409.0001,151.0000,483.0001,225.0000,451.0001,257.0000
380.1272,183.5465,414.3654,151.2104,483.4469,224.3556,449.2088,256.6917
373.9968,183.9201,406.2013,149.0320,480.9202,218.0032,448.7157,252.8914
369.1475,183.6230,398.7377,148.1147,478.6065,214.6721,449.0164,250.1803
372.5610,185.0488,400.9512,149.5610,477.2927,210.6341,448.9025,246.1219
368.8000,195.4000,389.2001,154.6000,473.6000,196.8000,453.2000,237.6000
370.1552,196.6379,387.7413,155.6035,470.2931,190.9828,452.7069,232.0173
363.1528,195.8928,379.4987,153.8606,463.5148,186.5335,447.1689,228.5657
361.2000,196.4000,375.4000,153.8000,460.0000,182.0000,445.8000,224.6000
361.1677,201.3286,370.4216,156.3809,453.8557,173.5585,444.6017,218.5062
357.6800,202.2400,364.3000,155.9000,448.3000,167.9000,441.6800,214.2400
353.1886,190.3396,365.7547,146.3585,445.7924,169.2264,433.2263,213.2075
352.2640,189.9139,364.3427,146.7759,440.5667,168.1187,428.4881,211.2567
352.2350,188.7838,364.5466,145.2197,435.5698,165.2915,423.2582,208.8556
351.4705,193.2801,360.1970,147.4661,429.9978,160.7615,421.2713,206.5755
352.8755,194.8950,358.1458,148.5166,426.7598,156.3136,421.4895,202.6920
357.4734,193.5488,366.1261,145.0939,427.0754,155.9778,418.4228,204.4326
359.0000,153.0000,421.0000,153.0000,421.0000,198.0000,359.0000,198.0000
356.1502,197.5319,386.5972,138.4289,419.3099,155.2808,388.8629,214.3839
351.5001,191.5000,399.5001,143.5000,419.5001,163.5000,371.5001,211.5000
352.7745,196.6231,383.9139,141.2641,410.7389,156.3531,379.5994,211.7122
350.8000,194.4000,378.6000,138.8000,407.8000,153.4000,380.0000,209.0000
337.0539,158.5308,393.5770,143.1154,404.4000,182.8000,347.8770,198.2154
341.8656,192.8787,366.7443,136.0131,399.1639,150.1967,374.2853,207.0623
338.9627,189.6100,370.2282,135.6058,399.1618,152.3568,367.8963,206.3610
336.6177,185.9706,367.5000,134.5000,397.6471,152.5882,366.7647,204.0588
353.0000,137.0000,388.0000,137.0000,388.0000,196.0000,353.0000,196.0000
351.0000,132.0000,382.0000,132.0000,382.0000,195.0000,351.0000,195.0000
350.0000,129.0000,379.0000,129.0000,379.0000,195.0000,350.0000,195.0000
345.0000,127.0000,374.0000,127.0000,374.0000,188.0000,345.0000,188.0000
343.0000,127.0000,372.0000,127.0000,372.0000,186.0000,343.0000,186.0000
343.0000,127.0000,372.0000,127.0000,372.0000,186.0000,343.0000,186.0000
341.0000,128.0000,369.0000,128.0000,369.0000,183.0000,341.0000,183.0000
340.0000,182.0000,340.0000,126.0000,368.0000,126.0000,368.0000,182.0000
340.0000,125.0000,368.0000,125.0000,368.0000,177.0000,340.0000,177.0000
340.0000,123.0000,368.0000,123.0000,368.0000,175.0000,340.0000,175.0000
334.9127,170.6550,341.6376,120.2183,369.2795,123.9039,362.5546,174.3406
334.6154,170.0769,340.8770,119.9846,368.3231,123.4154,362.0616,173.5077
338.0000,121.0000,365.0000,121.0000,365.0000,171.0000,338.0000,171.0000
338.0000,119.0000,364.0000,119.0000,364.0000,169.0000,338.0000,169.0000
333.9703,164.5216,341.5433,116.5595,367.4244,120.6460,359.8514,168.6081
331.3000,158.1000,344.8000,117.6000,370.3000,126.1000,356.8000,166.6000
337.0000,121.0000,363.0000,121.0000,363.0000,166.0000,337.0000,166.0000
336.0000,122.0000,362.0000,122.0000,362.0000,167.0000,336.0000,167.0000
331.5600,165.0800,338.2000,118.6000,364.8000,122.4000,358.1600,168.8800
333.0000,121.0000,360.0000,121.0000,360.0000,167.0000,333.0000,167.0000
330.0637,165.3054,338.0268,120.1812,363.9261,124.7517,355.9631,169.8759
328.5865,166.6189,335.7460,121.2757,362.2433,125.4595,355.0838,170.8027
328.8077,166.9615,337.6154,122.9231,363.5769,128.1154,354.7693,172.1539
326.6866,165.3912,338.0207,122.3212,363.2720,128.9663,351.9378,172.0363
325.5883,166.6471,336.5294,122.8824,362.1765,129.2941,351.2353,173.0588
325.9477,167.6408,335.5144,123.6336,359.5108,128.8502,349.9441,172.8574
325.3530,166.5883,336.1177,123.5294,360.3530,129.5883,349.5883,172.6471
332.0000,127.0000,357.0000,127.0000,357.0000,169.0000,332.0000,169.0000
325.8307,166.9538,336.8153,126.6769,363.3846,133.9231,352.3999,174.2000
324.6753,165.0212,339.6400,129.4800,365.7036,140.4541,350.7388,175.9953
321.8937,166.0023,339.4254,128.9910,365.4752,141.3303,347.9435,178.3416
321.1991,165.3575,339.5656,126.5837,363.5950,137.9661,345.2285,176.7398
320.7039,164.3562,343.1931,127.8111,365.5665,141.5794,343.0773,178.1245
329.0000,132.0000,353.0000,132.0000,353.0000,176.0000,329.0000,176.0000
329.0000,131.0000,353.0000,131.0000,353.0000,175.0000,329.0000,175.0000
329.0000,130.0000,352.0000,130.0000,352.0000,174.0000,329.0000,174.0000
330.0000,131.0000,353.0000,131.0000,353.0000,173.0000,330.0000,173.0000
329.0000,130.0000,353.0000,130.0000,353.0000,173.0000,329.0000,173.0000
329.0000,129.0000,354.0000,129.0000,354.0000,172.0000,329.0000,172.0000
329.0000,131.0000,353.0000,131.0000,353.0000,174.0000,329.0000,174.0000
329.0000,132.0000,354.0000,132.0000,354.0000,174.0000,329.0000,174.0000
329.0000,134.0000,354.0000,134.0000,354.0000,177.0000,329.0000,177.0000
328.0000,135.0000,354.0000,135.0000,354.0000,178.0000,328.0000,178.0000
328.0000,135.0000,354.0000,135.0000,354.0000,178.0000,328.0000,178.0000
328.0000,136.0000,356.0000,136.0000,356.0000,180.0000,328.0000,180.0000
328.0000,136.0000,358.0000,136.0000,358.0000,181.0000,328.0000,181.0000
327.0000,137.0000,360.0000,137.0000,360.0000,182.0000,327.0000,182.0000
325.0000,136.0000,363.0000,136.0000,363.0000,179.0000,325.0000,179.0000
323.0000,137.0000,365.0000,137.0000,365.0000,178.0000,323.0000,178.0000
321.0000,137.0000,366.0000,137.0000,366.0000,178.0000,321.0000,178.0000
319.0000,137.0000,368.0000,137.0000,368.0000,176.0000,319.0000,176.0000
313.1342,140.2073,367.2439,134.1951,371.1585,169.4268,317.0488,175.4390
316.0000,140.0000,370.0000,140.0000,370.0000,174.0000,316.0000,174.0000
315.0000,140.0000,371.0000,140.0000,371.0000,172.0000,315.0000,172.0000
313.0000,142.0000,372.0000,142.0000,372.0000,173.0000,313.0000,173.0000
313.1790,142.8638,373.2568,139.1089,375.0817,168.3074,315.0039,172.0623
315.1171,141.7463,374.6839,139.8849,375.5688,168.2010,316.0020,170.0624
317.0000,140.0000,377.0000,140.0000,377.0000,169.0000,317.0000,169.0000
315.0000,140.0000,377.0000,140.0000,377.0000,169.0000,315.0000,169.0000
313.0000,140.0000,376.0000,140.0000,376.0000,168.0000,313.0000,168.0000
311.0000,140.0000,377.0000,140.0000,377.0000,169.0000,311.0000,169.0000
310.0000,139.0000,377.0000,139.0000,377.0000,169.0000,310.0000,169.0000
308.0000,137.0000,375.0000,137.0000,375.0000,167.0000,308.0000,167.0000
308.0000,136.0000,375.0000,136.0000,375.0000,167.0000,308.0000,167.0000
305.0000,135.0000,373.0000,135.0000,373.0000,168.0000,305.0000,168.0000
305.0000,136.0000,373.0000,136.0000,373.0000,168.0000,305.0000,168.0000
302.0000,135.0000,371.0000,135.0000,371.0000,166.0000,302.0000,166.0000
301.0000,134.0000,370.0000,134.0000,370.0000,166.0000,301.0000,166.0000
300.0000,135.0000,370.0000,135.0000,370.0000,169.0000,300.0000,169.0000
300.0000,134.0000,370.0000,134.0000,370.0000,168.0000,300.0000,168.0000
304.0000,134.0000,371.0000,134.0000,371.0000,168.0000,304.0000,168.0000
304.0000,134.0000,370.0000,134.0000,370.0000,168.0000,304.0000,168.0000
307.6863,135.4714,372.6153,132.7660,374.0451,167.0815,309.1161,169.7868
309.0000,136.0000,373.0000,136.0000,373.0000,170.0000,309.0000,170.0000
304.3200,138.2400,371.6302,134.7882,373.3797,168.9036,306.0695,172.3554
305.1712,140.0202,372.7895,138.3710,373.6212,172.4726,306.0030,174.1219
306.0000,138.0000,373.0000,138.0000,373.0000,172.0000,306.0000,172.0000
305.0000,139.0000,372.0000,139.0000,372.0000,174.0000,305.0000,174.0000
306.0000,138.0000,371.0000,138.0000,371.0000,173.0000,306.0000,173.0000
306.0000,138.0000,369.0000,138.0000,369.0000,174.0000,306.0000,174.0000
307.0000,137.0000,370.0000,137.0000,370.0000,173.0000,307.0000,173.0000
306.1848,138.9492,366.7800,137.5400,367.6200,173.6600,307.0248,175.0692
307.0000,138.0000,368.0000,138.0000,368.0000,175.0000,307.0000,175.0000
309.8361,172.8033,313.2213,135.5656,372.1885,140.9262,368.8033,178.1639
310.0000,138.0000,370.0000,138.0000,370.0000,173.0000,310.0000,173.0000
302.9097,144.8057,371.4115,137.0214,374.5655,164.7767,306.0637,172.5610
300.1219,144.0976,371.6829,136.1464,374.6464,162.8171,303.0854,170.7683
298.0418,145.8113,370.3599,133.9774,374.9034,161.7431,302.5853,173.5769
354.5094,131.2830,432.1698,109.0943,440.1698,137.0943,362.5094,159.2830
351.0274,135.7397,432.7808,105.0822,442.5206,131.0548,360.7672,161.7123
346.9794,139.4536,430.7629,102.2165,442.4330,128.4742,358.6495,165.7114
344.3891,140.5606,430.8410,100.5366,443.1609,127.1477,356.7091,167.1717
339.3529,139.2045,428.7556,99.6328,441.9219,129.3789,352.5192,168.9506
339.3904,137.4589,429.1232,96.6712,443.6096,128.5411,353.8767,169.3288
334.2781,142.5441,420.9774,95.5207,438.9627,128.6812,352.2635,175.7045
328.7584,149.7827,407.0097,99.3836,428.5289,132.7949,350.2775,183.1941
328.4570,149.4606,404.0766,99.4748,426.4848,133.3744,350.8653,183.3602
326.0868,152.7523,395.3233,98.7478,421.6369,132.4832,352.4004,186.4877
322.8139,156.3674,389.6164,99.3069,417.8894,132.4070,351.0869,189.4675
321.5000,162.5000,385.0000,99.0000,415.5000,129.5000,352.0000,193.0000
325.3846,174.9231,374.6154,101.0769,405.5385,121.6923,356.3077,195.5385
327.0666,183.8086,366.8497,106.7289,396.3214,121.9400,356.5383,199.0197
330.6280,190.9679,357.5724,107.6852,387.3657,117.3242,360.4213,200.6069
329.2610,196.3295,353.4128,112.5088,381.0504,120.4722,356.8987,204.2928
327.9474,198.0863,347.2943,113.7889,378.6742,120.9908,359.3273,205.2882
325.6462,197.6613,347.3269,115.0038,379.5984,123.4684,357.9178,206.1260
327.8217,201.1297,340.9568,117.9406,376.3892,123.5352,363.2541,206.7243
2
0
0
0
0
1
385.0000,101.0000,468.0000,101.0000,468.0000,123.0000,385.0000,123.0000
386.0000,99.0000,473.0000,99.0000,473.0000,122.0000,386.0000,122.0000
388.0000,97.0000,479.0000,97.0000,479.0000,120.0000,388.0000,120.0000
391.0000,95.0000,481.0000,95.0000,481.0000,121.0000,391.0000,121.0000
392.9327,119.9856,393.2929,93.3283,483.2900,94.5445,482.9298,121.2018
397.7545,120.9385,398.1692,92.3213,485.3103,93.5842,484.8956,122.2014
400.0000,94.0000,484.0000,94.0000,484.0000,123.0000,400.0000,123.0000
397.3466,123.8910,398.2172,94.7229,482.7091,97.2451,481.8384,126.4131
397.6414,122.6994,399.6509,93.5621,482.8415,99.2994,480.8320,128.4367
394.2025,122.4915,396.6536,94.5486,480.1167,101.8699,477.6656,129.8128
395.7568,122.4595,400.0811,96.5135,480.1892,109.8649,475.8649,135.8108
399.6763,120.0860,407.2249,92.6368,480.2057,112.7066,472.6572,140.1557
400.8153,117.4166,410.5303,91.7412,480.5821,118.2473,470.8670,143.9227
400.8055,118.8464,409.7768,94.0027,479.9338,119.3372,470.9625,144.1809
401.1234,120.1531,408.5766,96.4383,480.0587,118.9042,472.6056,142.6189
402.1836,119.5825,410.6327,96.8350,479.1011,122.2661,470.6520,145.0136
405.2001,115.6000,415.6001,94.8000,479.2001,126.6000,468.8000,147.4000
405.2001,116.6000,416.0001,95.0000,479.2001,126.6000,468.4001,148.2000
407.4001,117.2000,418.2000,95.6000,481.0000,127.0000,470.2000,148.6000
404.2001,117.6000,415.0001,96.0000,483.0001,130.0000,472.2001,151.6000
405.6001,116.8000,416.2001,95.6000,485.0001,130.0000,474.4001,151.2000
405.9350,118.6082,415.8883,97.5306,485.9123,130.5975,475.9590,151.6751
408.8344,121.6369,421.6751,98.0955,488.2356,134.4013,475.3949,157.9427
405.8000,123.4000,417.8000,99.4000,487.4000,134.2000,475.4000,158.2000
405.8000,125.4000,418.0001,101.0000,488.4001,136.2000,476.2001,160.6000
406.4001,127.2000,418.8001,102.4000,490.4001,138.2000,478.0000,163.0000
410.0730,129.7899,421.5735,104.9731,494.2572,138.6558,482.7567,163.4726
410.0001,129.0000,422.2001,104.6000,493.4001,140.2000,481.2001,164.6000
409.0579,133.9212,419.8627,107.5847,494.9876,138.4052,484.1829,164.7417
409.5395,131.1323,420.5807,106.9798,495.0237,141.0108,483.9825,165.1634
409.1053,132.8781,420.7268,107.8002,494.9364,142.1900,483.3149,167.2679
411.3736,138.1123,420.9669,111.8903,498.7293,140.3400,489.1359,166.5619
411.2318,139.8253,420.4398,111.4929,499.7614,137.2725,490.5534,165.6048
415.9970,139.2083,425.6378,111.5714,502.4947,138.3819,492.8539,166.0188
418.0000,139.0000,426.9001,112.3000,503.4001,137.8000,494.5000,164.5000
422.4451,139.2842,432.6542,113.0322,504.7990,141.0885,494.5898,167.3405
423.3854,141.7156,431.3395,115.2018,505.9266,137.5780,497.9725,164.0917
422.1940,140.8373,430.1501,113.6537,507.4772,136.2860,499.5211,163.4696
419.1611,137.9496,426.6636,112.3162,506.7540,135.7573,499.2515,161.3907
422.3277,139.7426,429.5891,113.7225,506.9373,135.3081,499.6759,161.3282
424.0387,139.7782,431.3001,113.7582,506.7928,134.8259,499.5314,160.8460
423.0052,138.5264,429.9977,113.0993,505.9535,133.9872,498.9610,159.4143
423.0703,136.9265,431.2147,110.6141,506.8712,134.0316,498.7268,160.3440
424.4001,129.2000,436.0001,106.0000,506.8000,141.4000,495.2001,164.6000
430.7607,139.7026,440.5917,113.9909,506.7698,139.2943,496.9388,165.0060
429.5173,141.2069,440.2069,114.4828,506.9310,141.1724,496.2414,167.8965
424.4203,145.6792,434.2045,114.9287,505.1163,137.4916,495.3321,168.2420
423.1321,152.0377,432.5283,119.1510,501.7358,138.9245,492.3396,171.8113
423.8731,155.1216,433.5876,122.2418,499.7444,141.7881,490.0299,174.6679
426.6239,146.4128,441.8441,118.1468,503.2064,151.1881,487.9863,179.4541
427.2924,148.7385,443.4154,120.5231,502.0000,154.0000,485.8770,182.2154
424.4036,149.4139,441.2674,120.7455,500.5707,155.6298,483.7069,184.2982
428.0000,138.0000,449.0000,117.0000,499.0000,167.0000,478.0000,188.0000
427.2276,146.8690,448.0827,123.4069,498.2345,167.9862,477.3793,191.4483
430.3600,137.4800,453.0800,120.4400,495.3200,176.7600,472.6000,193.8000
436.3231,143.3369,471.3635,131.2540,490.1732,185.8023,455.1328,197.8852
436.0000,140.0000,481.0000,140.0000,481.0000,196.0000,436.0000,196.0000
435.8430,139.1754,478.1569,136.8246,481.4369,195.8646,439.1230,198.2154
443.5600,139.0800,478.0646,137.1631,481.5846,200.5231,447.0800,202.4400
439.0000,138.0000,478.0000,138.0000,478.0000,203.0000,439.0000,203.0000
437.4585,141.5453,474.6057,139.9302,477.4132,204.5038,440.2661,206.1189
439.0000,142.0000,473.0000,142.0000,473.0000,205.0000,439.0000,205.0000
435.1157,215.1276,438.6409,142.8605,471.4409,144.4605,467.9157,216.7276
434.0000,151.0000,469.0000,151.0000,469.0000,225.0000,434.0000,225.0000
428.0000,152.0000,466.0000,152.0000,466.0000,226.0000,428.0000,226.0000
423.0000,151.0000,464.0000,151.0000,464.0000,222.0000,423.0000,222.0000
419.0000,154.0000,463.0000,154.0000,463.0000,220.0000,419.0000,220.0000
415.0000,217.0000,415.0000,156.0000,464.0000,156.0000,464.0000,217.0000
409.0000,159.0000,463.0000,159.0000,463.0000,213.0000,409.0000,213.0000
403.5323,206.2477,407.1805,177.7924,469.3635,185.7646,465.7154,214.2199
402.7471,202.2882,404.6353,177.7412,471.3941,182.8764,469.5059,207.4235
399.4154,199.3113,402.3304,174.8250,472.4087,183.1677,469.4936,207.6540
396.2200,197.4600,399.7400,172.8200,473.1000,183.3000,469.5800,207.9400
392.1977,196.9657,393.9498,173.0207,469.7148,178.5645,467.9628,202.5095
389.2094,195.5407,390.9938,171.7495,467.7620,177.5072,465.9776,201.2983
387.2379,193.9236,388.8639,170.6184,467.5969,176.1114,465.9710,199.4166
383.4276,192.7310,384.8242,168.9897,463.3759,173.6104,461.9793,197.3517
381.5829,192.9254,382.9503,166.9448,461.3122,171.0691,459.9448,197.0497
378.7411,192.5083,379.6687,165.6093,456.9217,168.2732,455.9941,195.1722
375.5834,166.7533,451.4954,165.2648,452.0584,193.9792,376.1465,195.4677
370.3630,170.8014,440.0058,159.4642,444.2914,185.7898,374.6486,197.1270
368.6154,172.0769,436.8846,158.4231,441.7693,182.8462,373.5000,196.5000
366.8918,173.6876,437.0150,154.8740,443.3025,178.3091,373.1793,197.1227
364.0388,174.2023,435.2628,152.1568,442.3445,175.0362,371.1205,197.0817
361.6414,172.0061,435.8472,154.1967,441.0847,176.0197,366.8790,193.8291
358.9078,173.5755,435.7253,153.1953,441.4615,174.8163,364.6440,195.1965
356.4651,173.5099,432.2093,152.0728,438.2360,173.3672,362.4918,194.8042
353.0441,173.9688,430.6593,150.4070,437.3054,172.3001,359.6902,195.8619
350.0001,175.0000,427.7000,149.1000,434.8000,170.4000,357.1000,196.3000
345.5000,174.5000,422.9000,148.7000,430.1000,170.3000,352.7000,196.1000
2
0
0
0
0
1
393.3081,242.2487,413.5460,176.4757,440.8811,184.8865,420.6432,250.6595
389.3553,244.7812,417.8165,177.1859,443.0306,187.8024,414.5694,255.3977
388.8276,247.9310,417.6552,175.8621,441.1035,185.2414,412.2759,257.3104
385.5507,251.0368,418.1767,180.0272,443.3938,191.6134,410.7678,262.6230
382.4075,251.3302,420.8242,180.6436,446.9205,194.8263,408.5038,265.5129
378.4057,253.6698,418.3113,181.8396,441.9151,194.9528,402.0095,266.7830
376.8529,252.9118,418.8529,182.9118,441.7941,196.6765,399.7941,266.6765
372.8462,254.2307,419.4615,184.3077,442.3076,199.5385,395.6923,269.4615
369.9199,256.5791,421.9290,188.1460,443.8611,204.8144,391.8520,273.2474
366.2240,259.5331,419.4196,191.8297,441.4133,209.1104,388.2177,276.8139
365.3317,256.4701,422.6393,192.9672,444.3223,212.5347,387.0147,276.0377
360.0000,256.0000,420.0000,196.0000,442.5000,218.5000,382.5000,278.5000
360.6082,261.1486,408.7838,193.7027,435.4595,212.7568,387.2838,280.2027
364.5822,265.7192,398.5891,190.9041,430.3082,205.3219,396.3014,280.1370
361.3322,264.3771,399.4775,192.8547,430.2041,209.2422,392.0588,280.7647
360.1765,262.7059,401.1176,194.4706,430.5294,212.1176,389.5882,280.3529
347.5675,185.4054,382.2321,170.3339,407.2400,227.8522,372.5755,242.9237
351.8276,180.9310,382.8448,167.6380,406.7931,223.5173,375.7759,236.8103
345.9359,185.8874,367.8914,164.8865,408.8292,207.6851,386.8737,228.6861
346.5988,184.8708,365.7521,164.0520,410.7695,205.4679,391.6161,226.2868
