1
752.0989,251.9642,909.1646,235.8549,917.9766,321.7716,760.9109,337.8810
755.0000,247.0000,912.0000,247.0000,912.0000,326.0000,755.0000,326.0000
755.0000,246.0000,915.0000,246.0000,915.0000,325.0000,755.0000,325.0000
754.0000,247.0000,918.0000,247.0000,918.0000,325.0000,754.0000,325.0000
753.0000,324.0000,753.0000,246.0000,917.0000,246.0000,917.0000,324.0000
754.0000,246.0000,919.0000,246.0000,919.0000,328.0000,754.0000,328.0000
754.0000,247.0000,923.0000,247.0000,923.0000,328.0000,754.0000,328.0000
756.0000,246.0000,927.0000,246.0000,927.0000,329.0000,756.0000,329.0000
757.0000,244.0000,932.0000,244.0000,932.0000,330.0000,757.0000,330.0000
757.0000,242.0000,932.0000,242.0000,932.0000,331.0000,757.0000,331.0000
762.0000,242.0000,932.0000,242.0000,932.0000,331.0000,762.0000,331.0000
762.0000,242.0000,932.0000,242.0000,932.0000,332.0000,762.0000,332.0000
766.0000,240.0000,934.0000,240.0000,934.0000,333.0000,766.0000,333.0000
770.0000,240.0000,936.0000,240.0000,936.0000,335.0000,770.0000,335.0000
770.0000,237.0000,934.0000,237.0000,934.0000,336.0000,770.0000,336.0000
769.0000,237.0000,934.0000,237.0000,934.0000,334.0000,769.0000,334.0000
768.0000,235.0000,932.0000,235.0000,932.0000,331.0000,768.0000,331.0000
773.0000,233.0000,936.0000,233.0000,936.0000,332.0000,773.0000,332.0000
769.8148,239.6095,936.7122,227.8974,943.5642,325.5394,776.6669,337.2515
775.3961,243.5703,942.5371,221.4951,955.3419,318.4454,788.2009,340.5206
773.8309,237.6462,945.5231,216.1846,957.8155,314.5231,786.1232,335.9846
781.8459,230.3806,954.5851,216.7433,962.6394,318.7653,789.9003,332.4026
781.3500,224.5838,951.9404,216.7104,956.7727,321.4105,786.1823,329.2839
789.4478,320.2467,790.6243,213.1827,958.0766,215.0228,956.9001,322.0868
793.0000,214.0000,957.0000,214.0000,957.0000,321.0000,793.0000,321.0000
797.0000,211.0000,957.0000,211.0000,957.0000,318.0000,797.0000,318.0000
800.5255,313.5576,801.6202,208.4648,958.0720,210.0945,956.9772,315.1873
803.0000,213.0000,958.0000,213.0000,958.0000,316.0000,803.0000,316.0000
809.0000,210.0000,959.0000,210.0000,959.0000,316.0000,809.0000,316.0000
811.0000,210.0000,959.0000,210.0000,959.0000,319.0000,811.0000,319.0000
818.5733,321.9473,819.6924,206.6766,959.0773,208.0299,957.9582,323.3005
821.0000,210.0000,959.0000,210.0000,959.0000,328.0000,821.0000,328.0000
822.0000,218.0000,959.0000,218.0000,959.0000,331.0000,822.0000,331.0000
826.0000,213.0000,957.0000,213.0000,957.0000,330.0000,826.0000,330.0000
830.0000,328.0000,830.0000,216.0000,959.0000,216.0000,959.0000,328.0000
831.0000,216.0000,959.0000,216.0000,959.0000,326.0000,831.0000,326.0000
828.3088,216.0858,958.7745,214.4131,960.1779,323.8823,829.7122,325.5550
832.0000,214.0000,959.0000,214.0000,959.0000,323.0000,832.0000,323.0000
833.0000,214.0000,959.0000,214.0000,959.0000,320.0000,833.0000,320.0000
838.0000,212.0000,959.0000,212.0000,959.0000,318.0000,838.0000,318.0000
841.0000,213.0000,959.0000,213.0000,959.0000,317.0000,841.0000,317.0000
843.0000,213.0000,959.0000,213.0000,959.0000,318.0000,843.0000,318.0000
848.0000,213.0000,959.0000,213.0000,959.0000,316.0000,848.0000,316.0000
843.0000,212.0000,959.0000,212.0000,959.0000,315.0000,843.0000,315.0000
848.0000,211.0000,958.0000,211.0000,958.0000,314.0000,848.0000,314.0000
856.0000,208.0000,959.0000,208.0000,959.0000,315.0000,856.0000,315.0000
857.0000,208.0000,959.0000,208.0000,959.0000,315.0000,857.0000,315.0000
858.2533,313.5451,860.0566,203.5419,959.6692,205.1749,957.8658,315.1781
867.0000,206.0000,958.0000,206.0000,958.0000,319.0000,867.0000,319.0000
865.0000,205.0000,959.0000,205.0000,959.0000,319.0000,865.0000,319.0000
874.0000,202.0000,959.0000,202.0000,959.0000,316.0000,874.0000,316.0000
872.0000,201.0000,959.0000,201.0000,959.0000,313.0000,872.0000,313.0000
881.0000,201.0000,959.0000,201.0000,959.0000,310.0000,881.0000,310.0000
881.2239,306.7005,883.6396,195.5791,959.3647,197.2253,956.9490,308.3467
877.4843,307.1687,878.9849,196.1214,959.2675,197.2063,957.7669,308.2536
882.5999,305.4132,883.8207,194.3167,959.2072,195.1451,957.9863,306.2416
888.0000,197.0000,959.0000,197.0000,959.0000,308.0000,888.0000,308.0000
889.0000,197.0000,959.0000,197.0000,959.0000,312.0000,889.0000,312.0000
889.0000,196.0000,959.0000,196.0000,959.0000,313.0000,889.0000,313.0000
890.0000,196.0000,959.0000,196.0000,959.0000,313.0000,890.0000,313.0000
891.0000,195.0000,959.0000,195.0000,959.0000,315.0000,891.0000,315.0000
891.0000,196.0000,959.0000,196.0000,959.0000,319.0000,891.0000,319.0000
891.0000,195.0000,958.0000,195.0000,958.0000,316.0000,891.0000,316.0000
892.0000,196.0000,959.0000,196.0000,959.0000,318.0000,892.0000,318.0000
892.0000,196.0000,958.0000,196.0000,958.0000,321.0000,892.0000,321.0000
891.8938,323.2190,893.7628,196.1289,958.6899,197.0837,956.8209,324.1738
896.0000,196.0000,959.0000,196.0000,959.0000,326.0000,896.0000,326.0000
897.0000,197.0000,959.0000,197.0000,959.0000,327.0000,897.0000,327.0000
897.0000,198.0000,959.0000,198.0000,959.0000,326.0000,897.0000,326.0000
897.0000,196.0000,959.0000,196.0000,959.0000,321.0000,897.0000,321.0000
898.0000,198.0000,958.0000,198.0000,958.0000,324.0000,898.0000,324.0000
899.0000,323.0000,899.0000,199.0000,958.0000,199.0000,958.0000,323.0000
900.0000,200.0000,959.0000,200.0000,959.0000,321.0000,900.0000,321.0000
901.0000,203.0000,959.0000,203.0000,959.0000,326.0000,901.0000,326.0000
901.0000,205.0000,959.0000,205.0000,959.0000,327.0000,901.0000,327.0000
900.0000,326.0000,900.0000,203.0000,959.0000,203.0000,959.0000,326.0000
899.0000,205.0000,959.0000,205.0000,959.0000,327.0000,899.0000,327.0000
897.1872,325.5248,898.5755,203.3588,959.2495,204.0483,957.8611,326.2143
898.0000,204.0000,958.0000,204.0000,958.0000,326.0000,898.0000,326.0000
898.0000,203.0000,958.0000,203.0000,958.0000,324.0000,898.0000,324.0000
893.0000,201.0000,957.0000,201.0000,957.0000,321.0000,893.0000,321.0000
891.3422,319.4983,892.5964,200.3431,958.2207,201.0339,956.9664,320.1891
892.0000,199.0000,957.0000,199.0000,957.0000,317.0000,892.0000,317.0000
892.0000,201.0000,959.0000,201.0000,959.0000,319.0000,892.0000,319.0000
891.0000,203.0000,959.0000,203.0000,959.0000,322.0000,891.0000,322.0000
888.0000,202.0000,958.0000,202.0000,958.0000,322.0000,888.0000,322.0000
889.0000,202.0000,959.0000,202.0000,959.0000,326.0000,889.0000,326.0000
889.0000,200.0000,958.0000,200.0000,958.0000,327.0000,889.0000,327.0000
888.5220,327.5002,889.9195,200.3288,959.2408,201.0906,957.8433,328.2620
888.5548,327.5116,889.9525,200.3182,959.2408,201.0796,957.8431,328.2730
887.5280,328.4837,888.9638,199.2663,959.2551,200.0473,957.8193,329.2647
887.1141,326.9799,890.0321,198.5916,960.6093,200.1956,957.6913,328.5839
887.0000,202.0000,959.0000,202.0000,959.0000,329.0000,887.0000,329.0000
885.5266,327.2504,887.4534,200.0827,959.7246,201.1777,957.7979,328.3455
885.7174,328.4413,887.1304,201.2793,959.2325,202.0804,957.8196,329.2425
891.0000,201.0000,959.0000,201.0000,959.0000,327.0000,891.0000,327.0000
892.0000,200.0000,959.0000,200.0000,959.0000,325.0000,892.0000,325.0000
890.0000,200.0000,959.0000,200.0000,959.0000,325.0000,890.0000,325.0000
890.0000,197.0000,959.0000,197.0000,959.0000,321.0000,890.0000,321.0000
890.0000,199.0000,959.0000,199.0000,959.0000,322.0000,890.0000,322.0000
889.0000,199.0000,958.0000,199.0000,958.0000,321.0000,889.0000,321.0000
888.9105,317.0163,891.0201,198.8754,960.3194,200.1128,958.2098,318.2537
882.0000,202.0000,957.0000,202.0000,957.0000,320.0000,882.0000,320.0000
877.0000,207.0000,957.0000,207.0000,957.0000,324.0000,877.0000,324.0000
870.0000,207.0000,956.0000,207.0000,956.0000,324.0000,870.0000,324.0000
864.0000,210.0000,956.0000,210.0000,956.0000,326.0000,864.0000,326.0000
858.0000,211.0000,955.0000,211.0000,955.0000,327.0000,858.0000,327.0000
859.0000,208.0000,958.0000,208.0000,958.0000,326.0000,859.0000,326.0000
854.0000,209.0000,956.0000,209.0000,956.0000,328.0000,854.0000,328.0000
851.0000,209.0000,956.0000,209.0000,956.0000,331.0000,851.0000,331.0000
847.0000,207.0000,956.0000,207.0000,956.0000,329.0000,847.0000,329.0000
848.0000,209.0000,959.0000,209.0000,959.0000,331.0000,848.0000,331.0000
844.0000,331.0000,844.0000,209.0000,958.0000,209.0000,958.0000,331.0000
841.1037,329.5092,844.2299,209.1488,959.7883,212.1504,956.6620,332.5107
844.0000,333.0000,844.0000,211.0000,959.0000,211.0000,959.0000,333.0000
840.0000,211.0000,957.0000,211.0000,957.0000,332.0000,840.0000,332.0000
836.0000,214.0000,957.0000,214.0000,957.0000,331.0000,836.0000,331.0000
832.2041,214.3225,956.9346,212.7633,958.3365,324.9208,833.6061,326.4799
834.0000,214.0000,958.0000,214.0000,958.0000,327.0000,834.0000,327.0000
830.0000,215.0000,956.0000,215.0000,956.0000,324.0000,830.0000,324.0000
832.0000,216.0000,958.0000,216.0000,958.0000,324.0000,832.0000,324.0000
833.0000,217.0000,958.0000,217.0000,958.0000,322.0000,833.0000,322.0000
832.0000,217.0000,958.0000,217.0000,958.0000,323.0000,832.0000,323.0000
830.0000,322.0000,830.0000,218.0000,957.0000,218.0000,957.0000,322.0000
833.0000,219.0000,958.0000,219.0000,958.0000,324.0000,833.0000,324.0000
837.0000,214.0000,959.0000,214.0000,959.0000,318.0000,837.0000,318.0000
836.0000,207.0000,958.0000,207.0000,958.0000,312.0000,836.0000,312.0000
835.0000,207.0000,956.0000,207.0000,956.0000,308.0000,835.0000,308.0000
835.4629,307.5587,837.8964,205.3547,960.3983,208.2714,957.9648,310.4754
838.0000,200.0000,958.0000,200.0000,958.0000,307.0000,838.0000,307.0000
836.0000,200.0000,958.0000,200.0000,958.0000,309.0000,836.0000,309.0000
839.0000,206.0000,957.0000,206.0000,957.0000,308.0000,839.0000,308.0000
834.5802,302.4480,838.9568,203.9759,961.2928,209.4130,956.9163,307.8852
835.0208,302.4077,838.4486,204.1436,960.3700,208.3966,956.9421,306.6608
833.1606,302.5672,836.4481,205.0376,960.2289,209.2100,956.9414,306.7396
833.5709,302.4551,835.8303,205.2984,960.2281,208.1913,957.9687,305.3481
835.2566,306.7104,837.5597,205.3764,960.2690,208.1652,957.9659,309.4992
833.4359,305.6053,835.6885,205.3638,959.2216,208.1398,956.9690,308.3813
831.7031,302.3762,835.0893,203.0485,959.2972,207.2828,955.9109,306.6106
833.4202,305.5096,835.7197,204.3345,959.8600,207.1559,957.5606,308.3309
833.3542,307.5944,835.7057,205.3036,959.3185,208.1453,956.9670,310.4360
832.4035,306.6352,834.6505,204.3989,958.2391,207.1151,955.9921,309.3514
831.3713,308.6675,833.6985,206.2659,958.2933,209.0976,955.9660,311.4993
832.1918,308.7466,833.3480,204.6927,957.1215,206.0680,955.9654,310.1218
833.1918,308.7466,834.3371,205.6704,958.1329,207.0459,956.9876,310.1221
831.2573,305.8584,832.3705,205.6597,957.1107,207.0457,955.9974,307.2444
837.2013,306.6939,838.4497,205.5735,960.2336,207.0769,958.9852,308.1974
836.9199,300.6487,843.3735,199.9727,964.3635,207.7285,957.9099,308.4045
830.3527,292.8707,841.5432,193.5542,967.8412,207.7849,956.6506,307.1015
827.5784,286.3195,842.8943,188.8548,971.7551,209.1044,956.4392,306.5690
823.4323,284.3523,842.4337,185.5449,974.2882,210.9016,955.2867,309.7090
822.8192,285.8531,842.5839,185.7943,975.1638,211.9830,955.3992,312.0418
820.1788,281.1738,841.3427,183.2903,975.8130,212.3650,954.6491,310.2485
821.6566,285.4550,840.4828,183.7931,974.2296,208.5610,955.4033,310.2228
818.8073,282.8508,838.6846,182.2216,974.1639,208.9830,954.2866,309.6121
818.1628,285.1762,837.0742,181.7941,972.3760,206.5444,953.4646,309.9265
818.2800,288.2992,835.5247,183.5041,971.3160,205.8495,954.0712,310.6446
817.4443,286.6008,836.7281,182.4682,973.6260,207.8196,954.3422,311.9523
816.2781,287.5535,836.5064,182.3666,973.5164,208.7147,953.2881,313.9016
814.9087,288.0321,834.3986,181.4876,973.3113,206.8984,953.8214,313.4430
820.9229,221.0354,881.0734,146.3029,1006.7524,247.4592,946.6019,322.1917
821.9982,220.7319,883.3633,146.0987,1007.4911,248.1594,946.1260,322.7925
813.9700,285.9558,834.0912,181.3253,973.4008,208.1155,953.2795,312.7461
811.4924,283.6652,831.2736,179.8140,972.8972,206.7899,953.1161,310.6411
811.9219,281.2991,830.0236,181.1368,971.8493,206.7679,953.7476,306.9303
810.2070,278.0013,828.2506,179.3629,967.9185,204.9120,949.8749,303.5503
814.2944,282.3899,827.9846,184.2769,969.1205,203.9703,955.4303,302.0833
819.7929,294.6682,830.5753,190.4388,969.4682,204.8070,958.6859,309.0365
830.1187,312.6218,831.4998,203.5127,959.1249,205.1282,957.7438,314.2373
833.0000,207.0000,958.0000,207.0000,958.0000,318.0000,833.0000,318.0000
829.0000,208.0000,957.0000,208.0000,957.0000,319.0000,829.0000,319.0000
824.0000,209.0000,955.0000,209.0000,955.0000,318.0000,824.0000,318.0000
825.0000,209.0000,957.0000,209.0000,957.0000,316.0000,825.0000,316.0000
824.0000,209.0000,956.0000,209.0000,956.0000,315.0000,824.0000,315.0000
824.0000,208.0000,957.0000,208.0000,957.0000,314.0000,824.0000,314.0000
823.0000,209.0000,957.0000,209.0000,957.0000,312.0000,823.0000,312.0000
825.0000,208.0000,958.0000,208.0000,958.0000,312.0000,825.0000,312.0000
824.0000,206.0000,957.0000,206.0000,957.0000,310.0000,824.0000,310.0000
825.0000,207.0000,958.0000,207.0000,958.0000,312.0000,825.0000,312.0000
825.0000,209.0000,958.0000,209.0000,958.0000,315.0000,825.0000,315.0000
821.0000,211.0000,956.0000,211.0000,956.0000,315.0000,821.0000,315.0000
812.0000,208.0000,952.0000,208.0000,952.0000,308.0000,812.0000,308.0000
808.0000,212.0000,953.0000,212.0000,953.0000,310.0000,808.0000,310.0000
801.0000,212.0000,951.0000,212.0000,951.0000,310.0000,801.0000,310.0000
794.0000,213.0000,951.0000,213.0000,951.0000,312.0000,794.0000,312.0000
791.0000,213.0000,953.0000,213.0000,953.0000,314.0000,791.0000,314.0000
793.0000,215.0000,956.0000,215.0000,956.0000,317.0000,793.0000,317.0000
790.0000,215.0000,953.0000,215.0000,953.0000,316.0000,790.0000,316.0000
792.0000,214.0000,956.0000,214.0000,956.0000,318.0000,792.0000,318.0000
791.0000,216.0000,954.0000,216.0000,954.0000,318.0000,791.0000,318.0000
787.0000,215.0000,952.0000,215.0000,952.0000,318.0000,787.0000,318.0000
783.0000,218.0000,951.0000,218.0000,951.0000,320.0000,783.0000,320.0000
780.0000,218.0000,952.0000,218.0000,952.0000,319.0000,780.0000,319.0000
768.7515,230.1679,949.2926,215.3695,957.4707,315.1418,776.9296,329.9402
757.6431,236.6819,947.0087,215.2443,957.9079,311.5198,768.5423,332.9575
764.0000,221.0000,954.0000,221.0000,954.0000,319.0000,764.0000,319.0000
764.0000,220.0000,955.0000,220.0000,955.0000,320.0000,764.0000,320.0000
754.0000,221.0000,948.0000,221.0000,948.0000,317.0000,754.0000,317.0000
754.0000,222.0000,951.0000,222.0000,951.0000,318.0000,754.0000,318.0000
748.0000,223.0000,951.0000,223.0000,951.0000,318.0000,748.0000,318.0000
750.4170,314.9459,752.9563,217.1807,958.1426,222.5102,955.6033,320.2754
744.0000,222.0000,954.0000,222.0000,954.0000,319.0000,744.0000,319.0000
742.0000,221.0000,953.0000,221.0000,953.0000,319.0000,742.0000,319.0000
740.0000,221.0000,952.0000,221.0000,952.0000,319.0000,740.0000,319.0000
750.0000,222.0000,957.0000,222.0000,957.0000,318.0000,750.0000,318.0000
751.6696,315.2168,754.1069,217.7277,959.4285,222.8607,956.9913,320.3498
751.4515,315.8140,752.5317,219.6801,958.6405,221.9960,957.5603,318.1299
751.0000,222.0000,957.0000,222.0000,957.0000,318.0000,751.0000,318.0000
758.0000,223.0000,956.0000,223.0000,956.0000,317.0000,758.0000,317.0000
761.0000,221.0000,956.0000,221.0000,956.0000,315.0000,761.0000,315.0000
759.0144,309.6824,763.2990,215.4227,959.3031,224.3320,955.0186,318.5917
756.7007,314.9411,757.7584,219.7418,956.4451,221.9494,955.3873,317.1487
752.2014,312.4273,755.4444,217.2992,957.0964,224.1738,953.8533,319.3018
762.4940,318.0280,763.5862,220.8268,958.9773,223.0222,957.8851,320.2234
755.4472,314.8766,757.6027,217.8801,956.9709,222.3105,954.8154,319.3070
746.9508,308.5135,752.0245,214.1411,958.6102,225.2479,953.5365,319.6202
738.0762,312.9519,740.4260,218.9607,954.1674,224.3042,951.8177,318.2954
739.9999,319.0000,739.9999,225.0000,952.9999,225.0000,952.9999,319.0000
739.0000,228.0000,952.0000,228.0000,952.0000,320.0000,739.0000,320.0000
735.6430,313.6023,740.6685,220.6307,956.2010,232.2811,951.1755,325.2527
734.5110,317.1367,737.2560,226.5532,954.7836,233.1449,952.0386,323.7284
732.4344,300.1710,748.5327,214.9451,963.8396,255.6141,947.7413,340.8400
731.1622,301.0270,745.0271,217.8378,963.9460,254.3243,950.0812,337.5135
732.9203,306.4996,744.3799,223.6377,962.7355,253.8358,951.2759,336.6977
732.5477,304.6822,745.2666,219.8900,962.5282,252.4792,949.8093,337.2714
732.1082,302.3514,746.4595,216.2433,961.1621,252.0270,946.8108,338.1351
737.0000,232.0000,951.0000,232.0000,951.0000,321.0000,737.0000,321.0000
735.2205,316.8293,738.3287,229.7975,951.2357,237.4013,948.1274,324.4331
736.0000,234.0000,950.0000,234.0000,950.0000,321.0000,736.0000,321.0000
734.0000,237.0000,949.0000,237.0000,949.0000,321.0000,734.0000,321.0000
733.0000,238.0000,947.0000,238.0000,947.0000,321.0000,733.0000,321.0000
731.0000,238.0000,946.0000,238.0000,946.0000,320.0000,731.0000,320.0000
722.6616,303.7077,731.8770,229.9846,955.1384,257.8923,945.9231,331.6154
716.4834,294.0943,728.8409,223.8516,951.9003,263.0935,939.5427,333.3362
717.7283,300.6271,725.0906,229.4577,946.2753,252.3388,938.9130,323.5082
714.7646,297.6772,722.2159,228.7531,947.0477,253.0592,939.5964,321.9834
708.8622,292.4805,714.7806,220.2771,936.4715,238.4485,930.5532,310.6519
717.3551,295.1613,719.2692,228.6480,943.0048,235.0865,941.0907,301.5997
710.6641,294.3916,713.5319,228.8420,938.3328,238.6771,935.4650,304.2266
704.6812,285.5469,710.4219,227.6617,934.6791,249.9020,928.9384,307.7873
709.5191,294.5092,712.2768,232.8057,937.0624,242.8520,934.3047,304.5555
707.8953,290.4346,711.5004,229.5494,921.1995,241.9658,917.5944,302.8510
723.9014,307.6630,726.2028,245.5260,944.9767,253.6288,942.6754,315.7658
724.4788,306.2832,726.1555,244.2475,944.5635,250.1504,942.8869,312.1862
770.9669,267.2742,958.6246,258.7443,961.8020,328.6454,774.1443,337.1752
2
0
0
0
0
1
432.2162,278.7027,445.3243,200.0540,580.7297,222.6216,567.6216,301.2703
421.6573,277.3491,434.0478,197.2239,574.8257,218.9937,562.4352,299.1188
419.3324,275.6277,433.4664,194.5930,576.0813,219.4677,561.9473,300.5024
420.0688,278.0940,432.9338,194.9660,574.7630,216.9157,561.8979,300.0438
427.5668,201.1715,562.8857,198.7112,564.5199,288.5906,429.2010,291.0509
426.0000,198.0000,562.0000,198.0000,562.0000,288.0000,426.0000,288.0000
424.3667,198.6987,560.1381,196.0365,561.9202,286.9232,426.1488,289.5853
424.0000,289.0000,424.0000,197.0000,560.0000,197.0000,560.0000,289.0000
424.0000,196.0000,563.0000,196.0000,563.0000,289.0000,424.0000,289.0000
426.0000,289.0000,426.0000,197.0000,567.0000,197.0000,567.0000,289.0000
423.0000,199.0000,566.0000,199.0000,566.0000,289.0000,423.0000,289.0000
423.6813,200.1778,568.3375,198.7734,569.2228,289.9493,424.5665,291.3537
424.0000,199.0000,569.0000,199.0000,569.0000,291.0000,424.0000,291.0000
425.0000,200.0000,571.0000,200.0000,571.0000,292.0000,425.0000,292.0000
421.3955,290.3904,423.4896,202.4402,571.8816,205.9734,569.7875,293.9235
417.6910,289.7586,419.3421,205.5557,568.5004,208.4804,566.8494,292.6833
413.0000,206.0000,565.0000,206.0000,565.0000,293.0000,413.0000,293.0000
420.0000,207.0000,570.0000,207.0000,570.0000,292.0000,420.0000,292.0000
415.0000,207.0000,568.0000,207.0000,568.0000,293.0000,415.0000,293.0000
415.2345,208.9862,567.5897,200.0241,572.8414,289.3035,420.4862,298.2655
409.0000,204.0000,566.0000,204.0000,566.0000,293.0000,409.0000,293.0000
408.0000,203.0000,567.0000,203.0000,567.0000,292.0000,408.0000,292.0000
406.0000,204.0000,566.0000,204.0000,566.0000,293.0000,406.0000,293.0000
405.0000,203.0000,565.0000,203.0000,565.0000,291.0000,405.0000,291.0000
404.0000,203.0000,564.0000,203.0000,564.0000,293.0000,404.0000,293.0000
399.0000,203.0000,558.0000,203.0000,558.0000,294.0000,399.0000,294.0000
397.0000,201.0000,557.0000,201.0000,557.0000,295.0000,397.0000,295.0000
394.0690,198.9696,552.8654,197.3974,553.8071,292.5168,395.0108,294.0890
394.1618,198.0085,554.6505,196.3874,555.6108,291.4686,395.1222,293.0897
394.0000,292.0000,394.0000,196.0000,553.0000,196.0000,553.0000,292.0000
392.0000,195.0000,552.0000,195.0000,552.0000,292.0000,392.0000,292.0000
391.7452,196.6915,547.7540,194.2539,549.2715,291.3708,393.2627,293.8084
396.0000,200.0000,547.0000,200.0000,547.0000,290.0000,396.0000,290.0000
398.0000,202.0000,548.0000,202.0000,548.0000,292.0000,398.0000,292.0000
391.8279,209.1066,539.9673,195.6393,548.2050,286.2541,400.0656,299.7213
389.1643,219.5037,533.7887,188.9101,552.2336,276.1045,407.6093,306.6981
403.0000,195.0000,545.0000,195.0000,545.0000,294.0000,403.0000,294.0000
400.0000,194.0000,538.0000,194.0000,538.0000,294.0000,400.0000,294.0000
401.0000,198.0000,535.0000,198.0000,535.0000,302.0000,401.0000,302.0000
400.8211,195.5497,535.5695,193.4443,537.1323,293.4667,402.3840,295.5721
402.0000,196.0000,537.0000,196.0000,537.0000,297.0000,402.0000,297.0000
399.0000,308.0000,399.0000,207.0000,534.0000,207.0000,534.0000,308.0000
401.0000,300.0000,401.0000,209.0000,538.0000,209.0000,538.0000,300.0000
398.0000,208.0000,535.0000,208.0000,535.0000,300.0000,398.0000,300.0000
397.0000,304.0000,397.0000,210.0000,533.0000,210.0000,533.0000,304.0000
395.0000,211.0000,531.0000,211.0000,531.0000,303.0000,395.0000,303.0000
393.0000,214.0000,525.0000,214.0000,525.0000,311.0000,393.0000,311.0000
393.0000,217.0000,521.0000,217.0000,521.0000,319.0000,393.0000,319.0000
393.0000,219.0000,515.0000,219.0000,515.0000,328.0000,393.0000,328.0000
380.9539,226.6308,508.8308,210.6462,521.7077,313.6616,393.8308,329.6462
387.0000,216.0000,508.0000,216.0000,508.0000,327.0000,387.0000,327.0000
386.0000,211.0000,505.0000,211.0000,505.0000,323.0000,386.0000,323.0000
384.0000,213.0000,505.0000,213.0000,505.0000,322.0000,384.0000,322.0000
385.0000,217.0000,508.0000,217.0000,508.0000,318.0000,385.0000,318.0000
384.0000,220.0000,509.0000,220.0000,509.0000,315.0000,384.0000,315.0000
383.0000,219.0000,508.0000,219.0000,508.0000,313.0000,383.0000,313.0000
383.0000,220.0000,507.0000,220.0000,507.0000,313.0000,383.0000,313.0000
384.0000,222.0000,508.0000,222.0000,508.0000,313.0000,384.0000,313.0000
383.0000,222.0000,507.0000,222.0000,507.0000,313.0000,383.0000,313.0000
382.0000,222.0000,506.0000,222.0000,506.0000,312.0000,382.0000,312.0000
380.0000,222.0000,502.0000,222.0000,502.0000,315.0000,380.0000,315.0000
379.0000,222.0000,502.0000,222.0000,502.0000,317.0000,379.0000,317.0000
379.0000,223.0000,503.0000,223.0000,503.0000,316.0000,379.0000,316.0000
375.2053,225.6706,498.2580,221.8844,501.1144,314.7195,378.0617,318.5058
378.0000,224.0000,499.0000,224.0000,499.0000,316.0000,378.0000,316.0000
377.0000,223.0000,499.0000,223.0000,499.0000,314.0000,377.0000,314.0000
375.0000,221.0000,496.0000,221.0000,496.0000,316.0000,375.0000,316.0000
375.0000,222.0000,496.0000,222.0000,496.0000,316.0000,375.0000,316.0000
367.4315,229.5303,491.9686,217.6697,500.7371,309.7393,376.2000,321.6000
369.3660,224.4189,492.1774,219.0793,496.2302,312.2943,373.4189,317.6339
373.0000,219.0000,493.0000,219.0000,493.0000,318.0000,373.0000,318.0000
371.0000,217.0000,489.0000,217.0000,489.0000,320.0000,371.0000,320.0000
365.7868,228.4862,490.1314,214.1387,501.0759,308.9913,376.7314,323.3387
366.6119,228.2180,493.4091,212.7550,504.7192,305.4977,377.9221,320.9607
366.6380,229.0136,492.9340,213.7050,504.6010,309.9575,378.3050,325.2661
368.4180,223.5984,494.0164,212.1803,503.0492,311.5410,377.4508,322.9590
355.6829,229.1463,488.7073,214.3659,498.9268,306.3415,365.9024,321.1219
355.6711,229.1296,494.4961,215.5857,503.3494,306.3318,364.5244,319.8756
356.7931,228.5172,498.3931,216.7172,505.8483,306.1793,364.2483,317.9793
360.0000,220.0000,500.0000,220.0000,500.0000,310.0000,360.0000,310.0000
355.6933,221.2122,499.7540,218.7283,501.3073,308.8223,357.2466,311.3061
353.0000,219.0000,497.0000,219.0000,497.0000,309.0000,353.0000,309.0000
352.0000,218.0000,497.0000,218.0000,497.0000,309.0000,352.0000,309.0000
352.5662,221.2708,498.6966,218.7071,500.2619,307.9252,354.1314,310.4889
354.0000,218.0000,499.0000,218.0000,499.0000,308.0000,354.0000,308.0000
353.4119,219.5918,500.6130,216.6477,502.4330,307.6513,355.2319,310.5954
351.7130,226.7270,497.9734,213.8971,505.5635,300.4242,359.3030,313.2541
361.0000,220.0000,502.0000,220.0000,502.0000,306.0000,361.0000,306.0000
361.0000,219.0000,502.0000,219.0000,502.0000,303.0000,361.0000,303.0000
359.0000,218.0000,502.0000,218.0000,502.0000,302.0000,359.0000,302.0000
358.0000,216.0000,500.0000,216.0000,500.0000,300.0000,358.0000,300.0000
349.8790,219.6115,496.4421,214.3771,499.4612,298.9121,352.8981,304.1465
351.0000,216.0000,497.0000,216.0000,497.0000,300.0000,351.0000,300.0000
348.0000,217.0000,494.0000,217.0000,494.0000,300.0000,348.0000,300.0000
345.1233,217.5642,494.4467,213.5285,496.7088,297.2241,347.3853,301.2599
344.0000,214.0000,492.0000,214.0000,492.0000,298.0000,344.0000,298.0000
337.0000,214.0000,490.0000,214.0000,490.0000,299.0000,337.0000,299.0000
335.0000,297.0000,335.0000,212.0000,489.0000,212.0000,489.0000,297.0000
334.0000,214.0000,491.0000,214.0000,491.0000,299.0000,334.0000,299.0000
334.0000,214.0000,492.0000,214.0000,492.0000,297.0000,334.0000,297.0000
331.0000,214.0000,492.0000,214.0000,492.0000,297.0000,331.0000,297.0000
325.2359,214.7587,488.8738,212.8992,489.7883,293.3661,326.1503,295.2256
325.0000,211.0000,490.0000,211.0000,490.0000,295.0000,325.0000,295.0000
323.8919,213.0798,490.6949,210.4735,492.0003,294.0157,325.1973,296.6219
323.0000,212.0000,490.0000,212.0000,490.0000,295.0000,323.0000,295.0000
317.7929,213.6990,486.7582,209.7233,488.6714,291.0312,319.7061,295.0070
318.4980,213.1689,487.7604,208.7725,489.9269,292.1837,320.6645,296.5801
317.1284,219.0544,486.7782,208.4513,491.9494,291.1907,322.2996,301.7938
315.2537,219.3278,486.5919,204.3357,494.0087,289.0992,322.6705,304.0913
319.8792,220.0118,494.5097,202.9746,502.6582,286.4967,328.0276,303.5339
317.3297,211.3646,491.3260,206.7246,493.6760,294.8486,319.6797,299.4886
321.0000,208.0000,499.0000,208.0000,499.0000,295.0000,321.0000,295.0000
319.0000,213.0000,498.0000,213.0000,498.0000,295.0000,319.0000,295.0000
318.9999,295.0000,318.9999,212.0000,497.9999,212.0000,497.9999,295.0000
313.9999,296.0000,313.9999,218.0000,492.9999,218.0000,492.9999,296.0000
314.0000,217.0000,493.0000,217.0000,493.0000,297.0000,314.0000,297.0000
309.0000,218.0000,486.0000,218.0000,486.0000,299.0000,309.0000,299.0000
304.2516,221.3349,478.6612,218.0442,480.1826,298.6758,305.7729,301.9665
300.0000,220.0000,472.0000,220.0000,472.0000,299.0000,300.0000,299.0000
298.0000,222.0000,470.0000,222.0000,470.0000,298.0000,298.0000,298.0000
296.0000,223.0000,467.0000,223.0000,467.0000,298.0000,296.0000,298.0000
288.1919,224.5238,457.3690,219.5479,459.6292,296.3932,290.4520,301.3690
285.0000,222.0000,452.0000,222.0000,452.0000,298.0000,285.0000,298.0000
287.0000,221.0000,450.0000,221.0000,450.0000,299.0000,287.0000,299.0000
286.0000,221.0000,449.0000,221.0000,449.0000,299.0000,286.0000,299.0000
282.0000,221.0000,445.0000,221.0000,445.0000,299.0000,282.0000,299.0000
278.0000,219.0000,442.0000,219.0000,442.0000,296.0000,278.0000,296.0000
269.0000,219.0000,431.0000,219.0000,431.0000,295.0000,269.0000,295.0000
268.9999,294.0000,268.9999,220.0000,431.9999,220.0000,431.9999,294.0000
267.2569,292.8629,271.0200,217.6010,431.3193,225.6160,427.5562,300.8778
276.0000,221.0000,437.0000,221.0000,437.0000,293.0000,276.0000,293.0000
273.0000,220.0000,431.0000,220.0000,431.0000,295.0000,273.0000,295.0000
277.0000,219.0000,433.0000,219.0000,433.0000,295.0000,277.0000,295.0000
276.0000,218.0000,430.0000,218.0000,430.0000,294.0000,276.0000,294.0000
273.0000,218.0000,426.0000,218.0000,426.0000,295.0000,273.0000,295.0000
272.0000,219.0000,424.0000,219.0000,424.0000,296.0000,272.0000,296.0000
267.0133,289.8009,271.7699,218.4513,427.1460,228.8097,422.3894,300.1593
260.4901,286.9887,264.9860,216.5523,423.3621,226.6614,418.8661,297.0978
263.0000,222.0000,423.0000,222.0000,423.0000,292.0000,263.0000,292.0000
263.2444,290.8688,266.6448,219.4593,425.1426,227.0068,421.7421,298.4163
263.0000,223.0000,423.0000,223.0000,423.0000,295.0000,263.0000,295.0000
249.0406,291.4315,254.1066,220.5076,414.7868,231.9848,409.7208,302.9086
243.9235,287.9941,249.1118,220.5470,412.0706,233.0823,406.8824,300.5294
242.0000,227.0000,407.0000,227.0000,407.0000,294.0000,242.0000,294.0000
232.8902,282.9878,239.9146,219.7683,405.5366,238.1707,398.5122,301.3902
222.6829,278.8536,229.2805,219.4756,399.4025,238.3781,392.8049,297.7561
208.8800,270.8400,216.7000,216.1000,389.6000,240.8000,381.7800,295.5400
204.0230,272.1835,207.6284,222.6094,385.7047,235.5604,382.0993,285.1345
201.5227,273.9486,204.8858,223.9827,382.6190,235.9455,379.2560,285.9115
199.0000,230.0000,378.0000,230.0000,378.0000,282.0000,199.0000,282.0000
196.6126,230.6789,378.7740,228.5608,379.3663,279.4957,197.2048,281.6139
186.3231,233.8154,370.5876,223.5785,373.2861,272.1508,189.0215,282.3877
181.0000,233.0000,365.0000,233.0000,365.0000,279.0000,181.0000,279.0000
176.0177,236.2655,358.6726,224.0885,361.8319,271.4779,179.1770,283.6549
181.0000,232.0000,362.0000,232.0000,362.0000,277.0000,181.0000,277.0000
179.0000,230.0000,360.0000,230.0000,360.0000,275.0000,179.0000,275.0000
177.8893,233.1197,355.3575,226.2939,357.0754,270.9586,179.6071,277.7844
178.4724,232.9751,354.5111,223.7099,356.7597,266.4337,180.7210,275.6989
181.0000,231.0000,356.0000,231.0000,356.0000,275.0000,181.0000,275.0000
179.0000,231.0000,354.0000,231.0000,354.0000,276.0000,179.0000,276.0000
176.0000,230.0000,349.0000,230.0000,349.0000,276.0000,176.0000,276.0000
173.0000,230.0000,346.0000,230.0000,346.0000,275.0000,173.0000,275.0000
170.1549,231.8015,342.3628,226.2464,343.8420,272.1019,171.6341,277.6570
174.0000,231.0000,345.0000,231.0000,345.0000,274.0000,174.0000,274.0000
169.0000,231.0000,341.0000,231.0000,341.0000,274.0000,169.0000,274.0000
171.0000,230.0000,343.0000,230.0000,343.0000,274.0000,171.0000,274.0000
175.0000,230.0000,345.0000,230.0000,345.0000,274.0000,175.0000,274.0000
173.0000,229.0000,343.0000,229.0000,343.0000,270.0000,173.0000,270.0000
175.0000,227.0000,342.0000,227.0000,342.0000,272.0000,175.0000,272.0000
171.0000,227.0000,338.0000,227.0000,338.0000,272.0000,171.0000,272.0000
176.0000,228.0000,344.0000,228.0000,344.0000,271.0000,176.0000,271.0000
171.0000,227.0000,341.0000,227.0000,341.0000,271.0000,171.0000,271.0000
170.6265,227.9389,339.5816,224.0097,340.6221,268.7530,171.6670,272.6822
167.0000,227.0000,335.0000,227.0000,335.0000,269.0000,167.0000,269.0000
172.0000,226.0000,339.0000,226.0000,339.0000,273.0000,172.0000,273.0000
170.0000,226.0000,338.0000,226.0000,338.0000,272.0000,170.0000,272.0000
167.0000,226.0000,337.0000,226.0000,337.0000,271.0000,167.0000,271.0000
172.0000,226.0000,342.0000,226.0000,342.0000,271.0000,172.0000,271.0000
173.0000,226.0000,343.0000,226.0000,343.0000,270.0000,173.0000,270.0000
173.0000,224.0000,343.0000,224.0000,343.0000,268.0000,173.0000,268.0000
168.0000,224.0000,341.0000,224.0000,341.0000,268.0000,168.0000,268.0000
172.0000,224.0000,345.0000,224.0000,345.0000,272.0000,172.0000,272.0000
167.3426,264.4917,169.6934,219.8260,344.0525,229.0027,341.7017,273.6685
169.0000,224.0000,344.0000,224.0000,344.0000,267.0000,169.0000,267.0000
166.5138,263.2376,168.7514,220.7238,345.2099,230.0110,342.9724,272.5249
166.4147,258.2683,171.0000,217.0000,345.0732,236.3415,340.4878,277.6098
167.0965,260.6497,169.9543,220.6396,343.5685,233.0406,340.7107,273.0508
167.6606,256.6390,171.6433,219.7993,343.1256,238.3379,339.1429,275.1776
167.5244,258.2805,171.7073,220.6341,343.8049,239.7561,339.6219,277.4024
170.8305,260.7219,175.8564,221.5201,344.1669,243.0983,339.1410,282.3001
167.1789,263.5055,171.2049,224.2518,339.0039,241.4619,334.9779,280.7157
166.9868,265.1139,171.6161,224.9942,338.1679,244.2117,333.5387,284.3314
161.0000,232.0000,323.0000,232.0000,323.0000,281.0000,161.0000,281.0000
128.0000,240.0000,282.0000,240.0000,282.0000,301.0000,128.0000,301.0000
117.0000,237.0000,267.0000,237.0000,267.0000,307.0000,117.0000,307.0000
116.0000,235.0000,267.0000,235.0000,267.0000,310.0000,116.0000,310.0000
116.0000,233.0000,267.0000,233.0000,267.0000,312.0000,116.0000,312.0000
108.0000,234.0000,258.0000,234.0000,258.0000,317.0000,108.0000,317.0000
103.0000,233.0000,255.0000,233.0000,255.0000,317.0000,103.0000,317.0000
100.0000,233.0000,254.0000,233.0000,254.0000,320.0000,100.0000,320.0000
98.0000,232.0000,256.0000,232.0000,256.0000,319.0000,98.0000,319.0000
92.0000,233.0000,253.0000,233.0000,253.0000,321.0000,92.0000,321.0000
85.0000,234.0000,246.0000,234.0000,246.0000,325.0000,85.0000,325.0000
86.0000,234.0000,248.0000,234.0000,248.0000,327.0000,86.0000,327.0000
86.0000,329.0000,86.0000,232.0000,246.0000,232.0000,246.0000,329.0000
86.0000,234.0000,247.0000,234.0000,247.0000,330.0000,86.0000,330.0000
85.0000,232.0000,246.0000,232.0000,246.0000,332.0000,85.0000,332.0000
85.0000,232.0000,243.0000,232.0000,243.0000,335.0000,85.0000,335.0000
87.0000,233.0000,242.0000,233.0000,242.0000,336.0000,87.0000,336.0000
88.9592,232.9806,243.8758,229.8510,245.9490,332.4758,91.0324,335.6054
88.0311,235.5182,244.2288,226.1463,250.3017,327.3619,94.1040,336.7338
89.0615,228.0690,239.9370,226.7571,240.8944,336.8531,90.0189,338.1650
87.0000,231.0000,240.0000,231.0000,240.0000,334.0000,87.0000,334.0000
84.0000,335.0000,84.0000,231.0000,239.0000,231.0000,239.0000,335.0000
83.0000,233.0000,238.0000,233.0000,238.0000,335.0000,83.0000,335.0000
81.0000,232.0000,237.0000,232.0000,237.0000,334.0000,81.0000,334.0000
82.0000,232.0000,238.0000,232.0000,238.0000,334.0000,82.0000,334.0000
79.0000,233.0000,233.0000,233.0000,233.0000,335.0000,79.0000,335.0000
79.0000,333.0000,79.0000,231.0000,233.0000,231.0000,233.0000,333.0000
76.4470,233.6444,232.7194,229.1794,235.6117,330.4110,79.3393,334.8760
77.0000,232.0000,231.0000,232.0000,231.0000,332.0000,77.0000,332.0000
66.0000,232.0000,224.0000,232.0000,224.0000,330.0000,66.0000,330.0000
69.0000,233.0000,228.0000,233.0000,228.0000,326.0000,69.0000,326.0000
62.0000,234.0000,224.0000,234.0000,224.0000,326.0000,62.0000,326.0000
54.0000,233.0000,219.0000,233.0000,219.0000,325.0000,54.0000,325.0000
48.0000,324.0000,48.0000,234.0000,215.0000,234.0000,215.0000,324.0000
42.0000,234.0000,212.0000,234.0000,212.0000,324.0000,42.0000,324.0000
32.0000,233.0000,207.0000,233.0000,207.0000,322.0000,32.0000,322.0000
27.0000,321.0000,27.0000,232.0000,205.0000,232.0000,205.0000,321.0000
28.0000,232.0000,209.0000,232.0000,209.0000,320.0000,28.0000,320.0000
28.0000,231.0000,213.0000,231.0000,213.0000,317.0000,28.0000,317.0000
27.0000,231.0000,213.0000,231.0000,213.0000,316.0000,27.0000,316.0000
26.0000,230.0000,213.0000,230.0000,213.0000,315.0000,26.0000,315.0000
27.0000,232.0000,213.0000,232.0000,213.0000,318.0000,27.0000,318.0000
29.0000,230.0000,216.0000,230.0000,216.0000,318.0000,29.0000,318.0000
27.0000,230.0000,212.0000,230.0000,212.0000,319.0000,27.0000,319.0000
23.0000,230.0000,206.0000,230.0000,206.0000,320.0000,23.0000,320.0000
15.6672,313.3087,17.5139,225.5897,195.4035,229.3348,193.5568,317.0538
10.6416,307.3761,16.4867,219.6991,189.6505,231.2433,183.8053,318.9203
6.9815,308.6566,15.3733,217.1092,181.3867,232.3271,172.9948,323.8745
4.3297,308.9163,13.4189,216.3715,172.9691,232.0416,163.8799,324.5864
4.4836,308.6157,14.1121,216.3421,169.8082,232.5887,160.1796,324.8622
4.8176,309.4673,14.7973,215.4917,167.2725,231.6838,157.2928,325.6594
3.6476,307.8617,15.6998,214.8870,165.4611,234.3005,153.4088,327.2752
4.8933,306.7136,17.5458,213.6276,163.9383,233.5256,151.2858,326.6116
6.0640,307.8010,18.4083,214.3370,163.6298,233.5172,151.2855,326.9811
5.3400,306.6200,18.3800,215.3400,163.2800,236.0400,150.2400,327.3200
6.4392,307.2371,18.3551,215.5762,163.4726,234.4414,151.5567,326.1024
6.8005,306.7965,19.8424,213.8726,165.7404,234.3495,152.6985,327.2734
5.8869,302.8043,19.4439,213.4870,165.4986,235.6560,151.9415,324.9733
4.0467,302.4861,20.4352,209.8911,168.8394,236.1574,152.4509,328.7523
0.8588,297.7586,20.3901,205.4287,168.6039,236.7816,149.0725,329.1115
-4.7294,293.2823,15.6235,201.6941,167.4588,235.4353,147.1059,327.0235
-6.5046,290.6735,12.6558,202.3687,165.7950,235.5970,146.6345,323.9019
-6.6990,295.5170,8.9232,206.7545,161.9588,233.6888,146.3366,322.4513
-4.0520,298.5556,9.3475,209.6952,161.5144,232.6411,148.1149,321.5014
-5.4175,299.1913,6.8252,212.1317,157.3486,233.2990,145.1059,320.3586
-3.6672,299.1021,8.2637,212.0765,159.0031,232.7423,147.0721,319.7679
-5.1289,299.0574,5.3576,213.0680,153.3757,231.1190,142.8892,317.1084
-5.9823,296.8140,5.6610,213.2560,154.7257,234.0273,143.0824,317.5853
-5.2643,296.7461,5.4251,212.6558,152.0056,231.2889,141.3162,315.3792
-8.8426,293.9120,3.6038,212.0278,148.5431,234.0586,136.0967,315.9427
-7.2289,292.1283,5.6751,208.6316,149.7610,230.8994,136.8570,314.3961
-11.1985,284.9568,6.9512,201.6329,152.0661,233.2421,133.9164,316.5659
-12.0471,284.4740,9.1408,197.1798,154.8023,232.5345,133.6144,319.8287
-12.5184,274.0689,17.0700,188.0779,163.8817,238.5937,134.2934,324.5848
-19.5036,260.3650,17.1058,181.9161,162.9453,249.9745,126.3358,328.4233
-20.0541,268.3707,12.3667,183.1504,158.8223,238.8672,126.4015,324.0875
-21.0835,271.5420,11.4812,183.2746,160.8923,238.3972,128.3276,326.6646
-19.1927,274.1590,12.6750,184.2757,165.1778,238.3448,133.3101,328.2281
-16.8888,275.3928,15.2216,184.5438,171.0020,239.6041,138.8916,330.4531
-17.1504,274.8755,13.6587,184.1135,171.2686,237.6141,140.4595,328.3761
-18.1976,274.4363,13.1476,183.7894,173.2636,239.1566,141.9184,329.8035
-17.6579,275.7494,13.2715,185.2809,175.4216,240.7168,144.4922,331.1853
-19.2455,274.8119,12.2317,183.5282,177.4176,240.4889,145.9405,331.7726
-18.2788,277.2868,11.9398,185.0811,178.3440,239.6170,148.1254,331.8226
-16.0675,278.6133,12.7426,185.3595,180.1467,237.0778,151.3366,330.3316
-20.2111,278.9209,11.5345,184.4583,181.3697,241.5341,149.6241,335.9966
-21.4203,276.7897,10.5767,182.3989,180.4468,239.9820,148.4499,334.3729
-20.6209,277.4177,11.5748,182.4013,182.0363,240.1610,149.8407,335.1774
-18.9000,277.7000,12.3000,184.1000,183.3000,241.1000,152.1000,334.7000
-20.1098,278.6017,11.7384,183.8533,181.5744,240.9410,149.7262,335.6895
-20.1389,275.5740,12.0668,182.0987,181.9960,240.6457,149.7902,334.1210
-21.2242,274.7503,10.8693,181.6791,180.8321,240.2869,148.7386,333.3582
-21.8109,274.9611,10.7569,182.1428,180.5229,241.7098,147.9550,334.5281
-17.3294,279.8938,13.6544,183.7646,182.7339,238.2613,151.7502,334.3905
-15.8212,282.4278,17.5683,184.7025,183.2073,241.2958,149.8178,339.0211
-14.7431,274.6817,24.8305,176.6472,188.4054,242.6774,148.8319,340.7119
-12.0656,275.2127,26.0644,178.5575,189.9058,243.1922,151.7758,339.8474
-11.9887,275.8317,25.4070,180.1682,189.9141,244.4756,152.5184,340.1390
-10.6774,274.0352,27.0112,177.6226,191.3685,241.8713,153.6799,338.2839
-11.6482,270.9925,28.4757,175.9163,190.2975,244.2081,150.1736,339.2843
-12.9607,272.8816,25.9108,178.8670,186.4887,245.2598,147.6173,339.2744
-12.8193,271.8457,26.7089,178.4153,186.3300,245.9473,146.8018,339.3777
-12.3777,273.6512,27.6776,178.0649,188.2763,245.3634,148.2211,340.9498
-10.3214,270.8673,27.6694,178.8452,187.9557,245.0184,149.9649,337.0406
-11.9412,272.9961,28.1140,177.4097,189.4257,245.0070,149.3704,340.5933
-12.3598,272.2553,28.5173,177.1924,186.7247,245.2216,145.8477,340.2845
-12.1706,273.1571,28.0340,177.2143,188.1386,244.3057,147.9340,340.2485
-14.3549,271.0868,26.8534,175.8500,186.4858,244.9217,145.2775,340.1585
-13.2795,269.0112,29.3109,174.5716,188.6329,246.4227,146.0425,340.8623
-14.4243,270.0190,27.8520,175.1321,188.0757,246.5189,145.7994,341.4057
-14.5000,271.5000,26.6724,175.4310,188.1552,244.6379,146.9828,340.7069
-14.4655,271.8972,27.2026,175.3031,189.9893,245.5248,148.3212,342.1190
-15.4686,270.8256,26.2403,175.0849,188.2547,245.6654,146.5458,341.4061
-14.5361,271.2062,28.1031,175.2680,187.5980,246.1546,144.9588,342.0928
-4.7042,279.2899,35.8876,181.8698,194.0888,247.7870,153.4971,345.2072
21.2527,297.3915,52.5338,197.2918,209.0036,246.1886,177.7224,346.2883
23.9105,298.6772,53.3783,199.2232,210.6797,245.8310,181.2119,345.2850
29.4652,285.6698,73.7488,188.7995,215.8285,253.7502,171.5449,350.6205
37.1986,290.3630,81.0342,193.9247,215.3699,254.9863,171.5342,351.4247
42.5656,291.5837,88.1357,195.3801,215.0746,255.5091,169.5045,351.7127
46.3228,294.0230,91.0961,196.3357,211.8881,251.6987,167.1148,349.3859
47.4201,295.5917,87.8047,198.6686,211.4261,250.1775,171.0414,347.1006
46.8796,297.4053,86.8460,199.7097,209.3451,249.8230,169.3788,347.5186
48.9696,301.6433,82.6869,204.2378,207.6380,247.4901,173.9207,344.8956
52.5831,303.2897,86.0607,205.0889,209.2444,247.0833,175.7668,345.2842
51.2473,299.8323,87.0012,203.2968,207.0519,247.7599,171.2980,344.2955
65.0000,227.0000,192.0000,227.0000,192.0000,329.0000,65.0000,329.0000
50.6079,299.8082,83.9701,204.8543,202.7887,246.6014,169.4265,341.5553
50.9000,302.3000,83.1000,205.7000,199.2000,244.4000,167.0000,341.0000
51.4003,301.1770,84.2734,206.2100,198.2338,245.6578,165.3606,340.6248
51.0000,293.0000,96.4000,202.2001,199.2000,253.6001,153.8000,344.4000
65.0000,226.0000,181.0000,226.0000,181.0000,328.0000,65.0000,328.0000
68.0000,226.0000,182.0000,226.0000,182.0000,328.0000,68.0000,328.0000
69.0000,226.0000,180.0000,226.0000,180.0000,327.0000,69.0000,327.0000
71.0000,224.0000,181.0000,224.0000,181.0000,325.0000,71.0000,325.0000
74.0000,225.0000,182.0000,225.0000,182.0000,325.0000,74.0000,325.0000
76.0000,225.0000,181.0000,225.0000,181.0000,328.0000,76.0000,328.0000
75.0000,224.0000,180.0000,224.0000,180.0000,327.0000,75.0000,327.0000
71.6106,224.0339,178.6201,221.4239,181.1540,325.3133,74.1445,327.9233
72.0000,222.0000,178.0000,222.0000,178.0000,328.0000,72.0000,328.0000
72.0000,224.0000,176.0000,224.0000,176.0000,332.0000,72.0000,332.0000
71.0000,223.0000,175.0000,223.0000,175.0000,333.0000,71.0000,333.0000
70.0000,221.0000,176.0000,221.0000,176.0000,326.0000,70.0000,326.0000
69.0000,222.0000,175.0000,222.0000,175.0000,324.0000,69.0000,324.0000
68.0000,222.0000,175.0000,222.0000,175.0000,325.0000,68.0000,325.0000
59.9179,306.1354,78.0203,210.1925,188.0832,230.9591,169.9808,326.9020
67.0000,223.0000,174.0000,223.0000,174.0000,328.0000,67.0000,328.0000
68.0000,224.0000,177.0000,224.0000,177.0000,330.0000,68.0000,330.0000
64.0000,223.0000,175.0000,223.0000,175.0000,327.0000,64.0000,327.0000
62.0000,223.0000,177.0000,223.0000,177.0000,325.0000,62.0000,325.0000
62.0000,222.0000,181.0000,222.0000,181.0000,324.0000,62.0000,324.0000
62.0000,226.0000,186.0000,226.0000,186.0000,324.0000,62.0000,324.0000
62.0000,226.0000,189.0000,226.0000,189.0000,322.0000,62.0000,322.0000
60.0000,226.0000,191.0000,226.0000,191.0000,318.0000,60.0000,318.0000
69.0000,228.0000,201.0000,228.0000,201.0000,318.0000,69.0000,318.0000
63.0000,228.0000,198.0000,228.0000,198.0000,317.0000,63.0000,317.0000
63.0000,230.0000,198.0000,230.0000,198.0000,319.0000,63.0000,319.0000
65.0000,230.0000,202.0000,230.0000,202.0000,318.0000,65.0000,318.0000
73.0000,232.0000,214.0000,232.0000,214.0000,318.0000,73.0000,318.0000
64.0000,231.0000,206.0000,231.0000,206.0000,317.0000,64.0000,317.0000
59.0000,230.0000,202.0000,230.0000,202.0000,318.0000,59.0000,318.0000
69.0000,232.0000,213.0000,232.0000,213.0000,317.0000,69.0000,317.0000
70.0000,233.0000,215.0000,233.0000,215.0000,317.0000,70.0000,317.0000
71.0000,233.0000,218.0000,233.0000,218.0000,317.0000,71.0000,317.0000
78.0000,233.0000,228.0000,233.0000,228.0000,316.0000,78.0000,316.0000
84.0000,234.0000,233.0000,234.0000,233.0000,319.0000,84.0000,319.0000
79.0000,231.0000,231.0000,231.0000,231.0000,317.0000,79.0000,317.0000
78.0000,232.0000,233.0000,232.0000,233.0000,316.0000,78.0000,316.0000
80.0000,233.0000,235.0000,233.0000,235.0000,319.0000,80.0000,319.0000
78.0000,232.0000,234.0000,232.0000,234.0000,318.0000,78.0000,318.0000
74.0000,231.0000,232.0000,231.0000,232.0000,318.0000,74.0000,318.0000
72.0000,232.0000,232.0000,232.0000,232.0000,318.0000,72.0000,318.0000
70.0000,231.0000,232.0000,231.0000,232.0000,320.0000,70.0000,320.0000
69.0000,231.0000,234.0000,231.0000,234.0000,318.0000,69.0000,318.0000
68.0000,232.0000,234.0000,232.0000,234.0000,320.0000,68.0000,320.0000
67.0000,231.0000,233.0000,231.0000,233.0000,319.0000,67.0000,319.0000
68.0000,232.0000,234.0000,232.0000,234.0000,319.0000,68.0000,319.0000
68.0000,233.0000,233.0000,233.0000,233.0000,320.0000,68.0000,320.0000
68.0000,320.0000,68.0000,232.0000,233.0000,232.0000,233.0000,320.0000
67.0000,230.0000,232.0000,230.0000,232.0000,320.0000,67.0000,320.0000
72.0000,231.0000,237.0000,231.0000,237.0000,321.0000,72.0000,321.0000
69.0000,230.0000,236.0000,230.0000,236.0000,321.0000,69.0000,321.0000
68.0000,321.0000,68.0000,230.0000,236.0000,230.0000,236.0000,321.0000
69.0000,231.0000,236.0000,231.0000,236.0000,321.0000,69.0000,321.0000
68.0000,230.0000,234.0000,230.0000,234.0000,321.0000,68.0000,321.0000
69.0000,232.0000,235.0000,232.0000,235.0000,324.0000,69.0000,324.0000
70.0000,230.0000,235.0000,230.0000,235.0000,324.0000,70.0000,324.0000
71.0000,230.0000,235.0000,230.0000,235.0000,324.0000,71.0000,324.0000
69.0000,230.0000,235.0000,230.0000,235.0000,323.0000,69.0000,323.0000
68.0000,231.0000,234.0000,231.0000,234.0000,323.0000,68.0000,323.0000
68.0000,230.0000,234.0000,230.0000,234.0000,325.0000,68.0000,325.0000
72.0000,230.0000,239.0000,230.0000,239.0000,323.0000,72.0000,323.0000
69.0000,231.0000,238.0000,231.0000,238.0000,321.0000,69.0000,321.0000
74.0000,228.0000,244.0000,228.0000,244.0000,320.0000,74.0000,320.0000
77.0000,319.0000,77.0000,228.0000,246.0000,228.0000,246.0000,319.0000
79.0000,227.0000,249.0000,227.0000,249.0000,319.0000,79.0000,319.0000
74.0000,227.0000,247.0000,227.0000,247.0000,316.0000,74.0000,316.0000
72.0000,319.0000,72.0000,228.0000,245.0000,228.0000,245.0000,319.0000
72.8964,316.0426,74.2223,225.8856,247.2437,228.4300,245.9178,318.5870
75.0000,226.0000,247.0000,226.0000,247.0000,317.0000,75.0000,317.0000
74.0000,227.0000,246.0000,227.0000,246.0000,318.0000,74.0000,318.0000
66.0000,228.0000,241.0000,228.0000,241.0000,317.0000,66.0000,317.0000
68.0000,228.0000,243.0000,228.0000,243.0000,319.0000,68.0000,319.0000
79.0000,328.0000,79.0000,233.0000,254.0000,233.0000,254.0000,328.0000
67.0000,231.0000,248.0000,231.0000,248.0000,324.0000,67.0000,324.0000
63.0000,232.0000,249.0000,232.0000,249.0000,321.0000,63.0000,321.0000
51.0000,235.0000,244.0000,235.0000,244.0000,321.0000,51.0000,321.0000
50.0000,319.0000,50.0000,237.0000,246.0000,237.0000,246.0000,319.0000
53.0000,237.0000,252.0000,237.0000,252.0000,320.0000,53.0000,320.0000
55.0000,239.0000,256.0000,239.0000,256.0000,321.0000,55.0000,321.0000
51.0000,239.0000,253.0000,239.0000,253.0000,321.0000,51.0000,321.0000
51.0000,241.0000,252.0000,241.0000,252.0000,325.0000,51.0000,325.0000
53.0000,241.0000,252.0000,241.0000,252.0000,325.0000,53.0000,325.0000
55.0000,240.0000,254.0000,240.0000,254.0000,325.0000,55.0000,325.0000
53.0000,241.0000,253.0000,241.0000,253.0000,325.0000,53.0000,325.0000
56.0000,325.0000,56.0000,241.0000,259.0000,241.0000,259.0000,325.0000
54.0000,326.0000,54.0000,242.0000,257.0000,242.0000,257.0000,326.0000
61.0000,242.0000,264.0000,242.0000,264.0000,326.0000,61.0000,326.0000
51.0000,324.0000,51.0000,242.0000,256.0000,242.0000,256.0000,324.0000
53.0000,242.0000,260.0000,242.0000,260.0000,324.0000,53.0000,324.0000
50.0000,240.0000,259.0000,240.0000,259.0000,321.0000,50.0000,321.0000
46.0000,239.0000,255.0000,239.0000,255.0000,316.0000,46.0000,316.0000
48.0000,238.0000,259.0000,238.0000,259.0000,318.0000,48.0000,318.0000
49.0000,237.0000,259.0000,237.0000,259.0000,317.0000,49.0000,317.0000
51.0000,237.0000,259.0000,237.0000,259.0000,317.0000,51.0000,317.0000
51.0000,316.0000,51.0000,236.0000,258.0000,236.0000,258.0000,316.0000
52.0000,315.0000,52.0000,234.0000,261.0000,234.0000,261.0000,315.0000
53.0000,233.0000,260.0000,233.0000,260.0000,313.0000,53.0000,313.0000
58.0000,233.0000,264.0000,233.0000,264.0000,314.0000,58.0000,314.0000
57.0000,313.0000,57.0000,231.0000,261.0000,231.0000,261.0000,313.0000
59.0000,231.0000,263.0000,231.0000,263.0000,311.0000,59.0000,311.0000
58.0000,228.0000,259.0000,228.0000,259.0000,310.0000,58.0000,310.0000
59.0000,226.0000,258.0000,226.0000,258.0000,309.0000,59.0000,309.0000
60.0000,225.0000,259.0000,225.0000,259.0000,308.0000,60.0000,308.0000
60.0000,228.0000,258.0000,228.0000,258.0000,308.0000,60.0000,308.0000
61.0000,226.0000,258.0000,226.0000,258.0000,305.0000,61.0000,305.0000
62.0000,224.0000,258.0000,224.0000,258.0000,303.0000,62.0000,303.0000
67.0000,225.0000,260.0000,225.0000,260.0000,306.0000,67.0000,306.0000
71.0000,223.0000,263.0000,223.0000,263.0000,307.0000,71.0000,307.0000
70.0000,222.0000,262.0000,222.0000,262.0000,303.0000,70.0000,303.0000
73.0000,224.0000,264.0000,224.0000,264.0000,305.0000,73.0000,305.0000
79.0000,221.0000,267.0000,221.0000,267.0000,305.0000,79.0000,305.0000
85.0000,308.0000,85.0000,222.0000,270.9999,222.0000,270.9999,308.0000
105.0000,222.0000,278.0000,222.0000,278.0000,310.0000,105.0000,310.0000
101.0000,223.0000,276.0000,223.0000,276.0000,314.0000,101.0000,314.0000
107.0000,223.0000,281.0000,223.0000,281.0000,317.0000,107.0000,317.0000
94.0000,224.0000,272.0000,224.0000,272.0000,315.0000,94.0000,315.0000
103.0000,225.0000,281.0000,225.0000,281.0000,318.0000,103.0000,318.0000
111.0081,318.6172,113.0294,223.6177,288.8434,227.3584,286.8222,322.3579
112.0000,224.0000,287.0000,224.0000,287.0000,317.0000,112.0000,317.0000
120.0000,316.0000,120.0000,226.0000,296.0000,226.0000,296.0000,316.0000
121.7257,310.4863,126.2668,219.6633,301.9277,228.4464,297.3865,319.2693
130.0251,310.3471,133.4372,221.6322,309.4461,228.4018,306.0340,317.1167
128.5825,308.1936,131.1270,221.6802,309.2377,226.9187,306.6931,313.4321
134.0000,225.0000,315.0000,225.0000,315.0000,306.0000,134.0000,306.0000
135.0000,225.0000,318.0000,225.0000,318.0000,304.0000,135.0000,304.0000
137.0000,300.0000,137.0000,224.0000,322.0000,224.0000,322.0000,300.0000
140.0000,225.0000,328.0000,225.0000,328.0000,298.0000,140.0000,298.0000
141.0000,223.0000,330.0000,223.0000,330.0000,295.0000,141.0000,295.0000
143.0000,222.0000,334.0000,222.0000,334.0000,293.0000,143.0000,293.0000
142.4758,224.2573,331.6199,221.6303,332.5767,290.5198,143.4326,293.1468
141.0000,221.0000,330.0000,221.0000,330.0000,291.0000,141.0000,291.0000
143.0000,221.0000,331.0000,221.0000,331.0000,294.0000,143.0000,294.0000
146.0000,220.0000,336.0000,220.0000,336.0000,292.0000,146.0000,292.0000
146.0000,219.0000,338.0000,219.0000,338.0000,291.0000,146.0000,291.0000
147.0000,219.0000,338.0000,219.0000,338.0000,292.0000,147.0000,292.0000
150.0000,219.0000,340.0000,219.0000,340.0000,292.0000,150.0000,292.0000
152.0000,217.0000,344.0000,217.0000,344.0000,289.0000,152.0000,289.0000
151.0000,217.0000,343.0000,217.0000,343.0000,289.0000,151.0000,289.0000
155.0000,216.0000,347.0000,216.0000,347.0000,287.0000,155.0000,287.0000
154.0000,288.0000,154.0000,215.0000,344.9999,215.0000,344.9999,288.0000
159.0000,289.0000,159.0000,216.0000,347.9999,216.0000,347.9999,289.0000
157.0000,217.0000,347.0000,217.0000,347.0000,291.0000,157.0000,291.0000
161.0000,216.0000,352.0000,216.0000,352.0000,289.0000,161.0000,289.0000
157.5268,239.4585,345.6732,199.1415,361.2292,271.7366,173.0829,312.0536
162.8195,239.8244,349.8048,199.7561,365.0829,271.0536,178.0976,311.1219
167.2717,236.2659,357.3872,207.0173,368.4739,279.0809,178.3584,308.3295
167.4080,238.7440,359.0720,203.8960,371.8560,274.2080,180.1920,309.0560
174.6677,224.8174,369.0623,213.2463,373.2757,284.0312,178.8811,295.6023
178.7324,245.1490,365.1793,194.9517,382.3752,258.8221,195.9283,309.0193
178.4473,247.4396,364.0809,199.3123,380.0784,261.0167,194.4448,309.1440
179.6981,249.9434,360.6415,198.2453,378.6792,261.3774,197.7358,313.0755
184.8041,249.0148,364.3665,198.7374,382.4481,263.3146,202.8857,313.5920
189.5255,246.7866,364.9395,195.1942,384.3981,261.3535,208.9841,312.9458
192.9082,246.8150,365.5077,197.0267,384.6149,263.2650,212.0154,313.0533
191.1848,246.4591,363.7133,199.0983,381.8677,265.2324,209.3393,312.5931
195.2072,244.8259,367.6603,196.6995,386.3196,263.5620,213.8665,311.6884
196.4704,243.5080,368.5442,197.0754,385.9474,261.5697,213.8737,308.0023
200.2453,246.3585,369.9622,197.8679,388.1887,261.6604,218.4717,310.1509
203.7590,243.6486,372.2346,198.0198,389.1614,260.5188,220.6859,306.1476
202.2037,243.3476,370.5842,200.0498,386.7305,262.8407,218.3499,306.1386
201.0276,244.5311,366.3517,200.0207,383.3256,263.0662,218.0014,307.5766
204.1028,235.0924,371.6720,202.0506,384.5518,267.3701,216.9826,300.4119
204.8906,244.4785,369.4055,199.0951,385.9536,259.0818,221.4387,304.4652
206.6907,243.3963,370.0809,199.1448,386.0878,258.2471,222.6976,302.4986
208.4885,241.8725,372.0531,199.2035,387.5363,258.5558,223.9717,301.2248
210.8123,245.4418,371.0518,198.0983,388.5601,257.3572,228.3206,304.7007
212.4433,239.1062,374.7358,201.3638,388.6558,261.2196,226.3633,298.9620
217.4721,228.2862,382.1487,206.8067,390.2230,268.7100,225.5464,290.1896
217.2805,227.5244,382.3537,209.1829,389.0854,269.7683,224.0122,288.1097
216.7777,226.8434,380.6614,208.2203,387.5227,268.5997,223.6390,287.2228
220.9221,216.5700,383.7698,212.8689,385.1818,274.9959,222.3340,278.6970
218.2168,221.2522,381.3584,210.3761,385.3983,270.9734,222.2567,281.8495
219.8921,219.6794,382.4474,212.1187,385.2299,271.9428,222.6746,279.5035
221.8990,216.8561,381.8282,212.9554,383.2919,272.9685,223.3627,276.8692
221.7285,215.9533,383.7993,211.5730,385.4008,270.8270,223.3299,275.2073
220.7234,218.3306,381.5845,210.4837,384.4332,268.8813,223.5721,276.7282
218.8371,224.8684,379.8026,207.7444,385.6956,263.1387,224.7301,280.2628
218.4462,227.5692,381.4001,207.2000,388.2616,262.0923,225.3077,282.4615
220.5231,228.1846,381.3846,208.0769,387.9385,260.5077,227.0770,280.6154
220.0965,224.0376,380.1765,209.1464,385.2252,263.4210,225.1453,278.3121
220.3561,223.8274,380.1593,208.9620,385.0901,261.9684,225.2869,276.8338
221.3197,224.5164,379.1968,210.1640,384.0902,263.9918,226.2131,278.3443
219.1304,223.3685,376.8900,208.3438,381.9461,261.4337,224.1865,276.4584
220.5443,222.1497,376.0812,209.6064,380.4272,263.4978,224.8904,276.0411
218.2530,224.5322,373.0004,210.2037,377.9749,263.9283,223.2275,278.2567
219.8658,225.7927,374.0732,208.6586,380.0122,262.1098,225.8048,279.2439
219.1442,224.3571,372.8083,210.1289,377.8916,265.0286,224.2275,279.2567
218.9538,240.8307,371.6845,199.1769,385.3692,249.3538,232.6385,291.0077
219.1721,222.8934,370.0164,209.1803,375.0081,264.0901,224.1639,277.8033
217.1154,234.5769,369.4231,204.1154,379.7692,255.8461,227.4615,286.3077
216.1847,227.4769,368.1847,208.4769,374.8154,261.5231,222.8154,280.5231
216.0589,240.2353,368.0589,202.2353,380.7059,252.8236,228.7059,290.8235
215.9411,240.7647,368.8824,202.5294,381.9412,254.7647,229.0000,293.0000
215.6600,229.6200,369.2400,207.6800,377.0600,262.4200,223.4800,284.3600
216.8472,241.6192,370.3731,201.2176,384.7643,255.9041,231.2384,296.3057
214.6941,238.6235,369.6000,204.2000,381.3882,257.2470,226.4824,291.6706
213.6922,240.8674,366.8382,203.9011,379.5405,256.5247,226.3944,293.4910
213.3647,237.1412,367.9530,202.7882,379.6000,255.2000,225.0117,289.5529
212.4684,244.6548,364.5461,203.8534,377.7802,253.1809,225.7025,293.9822
213.8195,242.3080,366.0266,202.6018,379.5239,254.3416,227.3168,294.0478
213.4772,241.5394,366.0291,200.8589,379.9212,252.9544,227.3693,293.6349
215.2616,242.2923,367.9077,200.6615,382.3307,253.5462,229.6846,295.1769
216.7682,242.5231,369.2946,197.4584,385.3577,251.8261,232.8314,296.8907
218.9680,216.9716,371.7402,207.7127,375.3632,267.4931,222.5911,276.7520
215.5910,241.1049,369.1129,201.7403,382.5861,254.2856,229.0641,293.6502
213.1680,232.4240,367.6080,204.3440,377.4960,258.7280,223.0560,286.8080
214.4092,246.5164,367.1348,201.0237,382.6774,253.2025,229.9518,298.6953
215.7647,240.0588,369.4118,201.6471,382.9412,255.7647,229.2942,294.1765
216.0589,241.2353,369.2353,202.9412,382.4706,255.8824,229.2942,294.1765
215.9699,242.0513,370.5788,201.7186,384.3204,254.3947,229.7115,294.7274
215.2826,243.6382,368.4562,200.4354,382.9330,251.7625,229.7595,294.9652
216.4000,247.2000,368.8000,196.4000,387.0000,251.0000,234.6000,301.8000
216.8061,245.7880,368.5981,196.4556,387.0950,253.3691,235.3030,302.7015
216.4000,247.2000,369.4000,196.2000,386.7000,248.1000,233.7000,299.1000
214.5747,252.6297,365.0034,194.9654,384.8729,246.7987,234.4442,304.4631
212.5036,251.6350,364.9781,196.1898,384.6861,250.3869,232.2117,305.8321
214.2599,250.8078,367.9632,197.4822,385.4371,247.8483,231.7339,301.1740
210.9781,253.1898,366.1825,196.7518,388.1678,257.2117,232.9635,313.6496
211.7647,239.0588,370.3530,199.4118,385.2353,258.9412,226.6470,298.5883
210.3734,241.9004,368.2780,199.7925,385.8215,265.5809,227.9170,307.6888
208.7080,254.1971,363.8321,197.7883,386.4890,260.0949,231.3649,316.5037
210.5089,246.5777,368.9566,195.4656,389.3713,258.7512,230.9236,309.8633
219.4282,206.9228,375.5396,198.4843,379.8470,278.1704,223.7356,286.6089
210.6926,225.3249,365.6967,174.5477,390.2768,249.5818,235.2728,300.3589
224.0000,195.0000,373.0000,195.0000,373.0000,287.0000,224.0000,287.0000
216.2763,199.9089,370.3099,193.7476,373.7875,280.6885,219.7540,286.8498
210.3077,218.5385,366.6342,173.4952,387.9045,247.3157,231.5780,292.3589
207.5000,230.5000,365.0000,178.0000,389.0000,250.0000,231.5000,302.5000
206.8432,232.2628,365.2613,183.2287,386.8965,253.1272,228.4785,302.1614
204.8284,228.0883,367.3924,186.8407,385.3175,257.4866,222.7534,298.7342
208.0168,229.7719,369.8656,188.7057,387.4954,258.1877,225.6465,299.2538
205.9442,246.9357,364.6165,187.8556,387.8721,250.3136,229.1998,309.3937
206.6035,250.7414,360.6035,184.7414,385.0173,241.7069,231.0173,307.7069
199.9197,242.5873,356.6605,189.2955,379.4938,256.4521,222.7530,309.7440
210.4913,211.4677,363.7097,201.3875,369.1717,284.4097,215.9533,294.4899
213.1685,215.1915,373.1736,188.8893,386.5089,270.0122,226.5038,296.3145
205.1908,246.6959,365.4794,185.0464,391.2010,251.9227,230.9124,313.5721
212.2449,211.1434,367.6720,193.3803,377.1870,276.6357,221.7599,294.3989
209.0314,248.1969,364.5594,186.7091,390.5365,252.4158,235.0084,313.9037
206.6487,253.0762,363.4674,184.7193,392.0575,250.3083,235.2387,318.6652
209.1358,250.2688,364.7708,185.1192,391.9324,250.0051,236.2973,315.1547
210.3846,251.7092,364.9167,183.8658,393.3756,248.6888,238.8434,316.5322
213.5204,253.5430,367.3258,180.6878,397.6448,244.6946,243.8394,317.5498
226.7566,196.6902,376.9023,194.4492,378.2747,286.3989,228.1290,288.6399
214.4000,256.8000,366.8000,180.6000,398.0000,243.0000,245.6000,319.2000
230.0000,193.0000,380.0000,193.0000,380.0000,286.0000,230.0000,286.0000
231.8182,194.7285,380.9272,192.6859,382.1570,282.4636,233.0480,284.5062
233.6424,281.6829,236.4536,189.8506,382.9388,194.3349,380.1275,286.1672
234.0000,283.0000,234.0000,193.0000,380.0000,193.0000,380.0000,283.0000
216.6834,249.6598,370.0355,186.5148,395.4882,248.3284,242.1361,311.4734
216.4200,253.2937,368.1891,183.9136,395.9001,244.5314,244.1310,313.9116
214.8568,248.0579,368.8227,185.7384,391.2134,241.0565,237.2475,303.3760
213.8219,247.1918,368.5616,189.1644,388.4932,242.3151,233.7534,300.3425
214.4827,250.2069,369.3103,188.2759,396.4827,256.2069,241.6552,318.1379
215.4621,244.9246,370.6440,189.7488,389.3235,242.2850,234.1416,297.4608
214.0000,249.0000,368.8276,187.0690,390.4138,241.0345,235.5862,302.9655
216.4840,248.5956,371.7370,187.6033,392.7039,240.9735,237.4508,301.9658
218.6187,248.0612,373.8978,184.9790,397.4133,242.8633,242.1342,305.9455
218.9365,250.9741,372.7694,186.2024,395.3765,239.8941,241.5435,304.6659
219.7133,248.3924,374.5374,187.1829,396.8251,243.5575,242.0009,304.7671
229.7014,283.9757,231.3375,196.4456,378.2021,199.1907,376.5659,286.7208
213.5479,249.7945,368.0685,191.8493,386.7260,241.6027,232.2055,299.5479
216.7299,249.0073,372.9781,192.1898,391.3431,242.6935,235.0949,299.5109
214.6000,245.8000,371.5000,193.5000,388.3000,243.9000,231.4000,296.2000
218.0401,247.6860,374.1202,193.0579,390.5523,240.0067,234.4722,294.6347
220.5000,245.5000,376.5000,193.5000,395.3000,249.9000,239.3000,301.9000
230.6730,282.6839,233.2663,197.9674,381.4132,202.5024,378.8198,287.2190
219.9240,245.8699,375.0332,192.5511,394.3048,248.6140,239.1956,301.9327
223.1451,237.7513,374.2591,197.9845,389.1943,254.7384,238.0803,294.5052
220.9748,233.4838,377.5740,199.4404,389.5415,254.4910,232.9423,288.5343
218.4969,244.2085,371.6522,197.9729,386.0496,245.6642,232.8943,291.8998
220.3189,243.2865,377.0217,195.0703,394.0811,250.5135,237.3784,298.7297
215.5584,243.8742,350.8851,205.8136,364.8941,255.6235,229.5674,293.6842
217.2000,246.6000,374.4000,194.2000,391.0000,244.0000,233.8000,296.4000
220.5754,251.8172,373.4202,190.9623,390.2122,233.1377,237.3674,293.9926
219.5668,248.6489,375.8218,194.9362,394.5843,249.5179,238.3292,303.2305
221.3077,234.5385,356.8846,207.4231,367.5769,260.8846,232.0000,288.0000
223.2432,230.4595,377.1351,204.8108,386.5676,261.4054,232.6757,287.0541
221.7995,242.2779,373.6390,200.1003,389.0831,255.6991,237.2436,297.8768
219.6695,244.0571,373.2284,197.3218,389.4204,250.5242,235.8616,297.2596
224.3760,232.5680,378.7280,204.5040,388.6800,259.2400,234.3280,287.3040
219.9986,239.6194,372.1529,200.9770,384.9945,251.5410,232.8402,290.1834
216.2072,241.7876,371.2591,200.9845,384.0311,249.5182,228.9793,290.3213
217.6944,242.1571,338.6432,212.4156,350.5186,260.7086,229.5698,290.4501
218.0378,245.3730,374.1081,197.3513,389.1135,246.1189,233.0432,294.1406
220.4486,245.7081,340.4703,208.7784,354.3297,253.8216,234.3081,290.7514
222.4616,239.0314,341.8408,211.8998,353.0491,261.2161,233.6699,288.3477
223.7059,238.8235,376.6471,200.5883,390.4706,255.8824,237.5294,294.1177
228.5654,228.2382,359.9057,211.5894,367.0484,267.9376,235.7081,284.5863
223.8362,247.7490,370.6314,196.9352,389.8203,252.3699,243.0251,303.1836
225.6460,245.9969,370.6985,199.0681,388.2796,253.4095,243.2271,300.3383
225.5769,236.8846,365.5769,208.8846,376.3462,262.7308,236.3462,290.7308
236.0000,205.0000,383.0000,205.0000,383.0000,287.0000,236.0000,287.0000
224.4000,247.2000,372.0000,198.0000,390.2000,252.6000,242.6000,301.8000
221.2349,246.5516,368.2527,200.6085,384.8719,253.7900,237.8541,299.7331
222.9432,246.9914,370.4786,199.1421,388.1891,253.7495,240.6537,301.5988
234.0000,205.0000,381.0000,205.0000,381.0000,287.0000,234.0000,287.0000
223.0542,248.2572,376.0053,195.5154,394.9108,250.3412,241.9596,303.0829
223.2000,248.6000,357.6000,203.8000,375.8000,258.4000,241.4000,303.2000
237.0000,204.0000,385.0000,204.0000,385.0000,287.0000,237.0000,287.0000
235.0000,207.0000,384.0000,207.0000,384.0000,288.0000,235.0000,288.0000
237.0000,206.0000,387.0000,206.0000,387.0000,288.0000,237.0000,288.0000
238.0000,205.0000,389.0000,205.0000,389.0000,288.0000,238.0000,288.0000
237.0000,206.0000,387.0000,206.0000,387.0000,289.0000,237.0000,289.0000
224.9000,245.7000,379.7000,194.1000,403.3000,264.9000,248.5000,316.5000
225.4479,245.3845,382.3218,194.6312,404.3907,262.8442,247.5168,313.5975
235.0000,207.0000,385.0000,207.0000,385.0000,286.0000,235.0000,286.0000
238.0000,205.0000,387.0000,205.0000,387.0000,286.0000,238.0000,286.0000
236.0000,206.0000,386.0000,206.0000,386.0000,286.0000,236.0000,286.0000
237.4677,280.5815,242.1169,196.8954,387.3354,204.9631,382.6861,288.6492
237.0000,207.0000,385.0000,207.0000,385.0000,288.0000,237.0000,288.0000
239.0000,207.0000,388.0000,207.0000,388.0000,287.0000,239.0000,287.0000
237.0000,207.0000,386.0000,207.0000,386.0000,287.0000,237.0000,287.0000
229.9522,242.8376,385.2261,197.1688,403.8567,260.5128,248.5828,306.1815
233.3412,218.4353,384.7529,206.7882,390.5411,282.0353,239.1294,293.6824
228.2639,243.0201,383.2342,198.0288,397.4597,247.0278,242.4895,292.0192
237.0000,207.0000,385.0000,207.0000,385.0000,289.0000,237.0000,289.0000
239.0000,205.0000,388.0000,205.0000,388.0000,288.0000,239.0000,288.0000
235.1549,279.6770,240.7036,196.4469,387.7832,206.2522,382.2346,289.4823
237.0000,204.0000,388.0000,204.0000,388.0000,285.0000,237.0000,285.0000
235.0000,204.0000,386.0000,204.0000,386.0000,284.0000,235.0000,284.0000
235.0000,206.0000,386.0000,206.0000,386.0000,284.0000,235.0000,284.0000
237.0000,206.0000,389.0000,206.0000,389.0000,284.0000,237.0000,284.0000
237.0000,206.0000,390.0000,206.0000,390.0000,283.0000,237.0000,283.0000
230.6897,234.4342,388.8390,198.4912,404.6837,268.2083,246.5345,304.1513
230.2131,235.6557,388.7869,198.3443,405.0885,267.6262,246.5147,304.9377
233.8240,235.6610,392.1352,197.9678,408.4227,266.3755,250.1115,304.0687
234.7511,238.0665,392.5312,195.9918,410.1743,262.1536,252.3942,304.2283
236.2982,238.2931,394.4461,197.2918,411.1273,261.6337,252.9795,302.6350
238.4634,232.8292,397.3804,198.7756,411.2829,263.6536,252.3658,297.7073
236.8371,235.9607,393.9326,199.7079,408.7640,263.9775,251.6685,300.2303
243.0385,231.1923,398.8077,200.0385,411.8462,265.2308,256.0769,296.3846
242.6924,230.4615,398.0769,199.3846,410.8077,263.0385,255.4231,294.1154
249.0000,206.0000,399.0000,206.0000,399.0000,276.0000,249.0000,276.0000
243.7501,240.7325,394.0714,191.7907,412.9868,249.8880,262.6655,298.8298
245.5000,240.5000,396.7000,190.1000,416.6000,249.8000,265.4001,300.2000
251.5413,236.1376,404.1102,190.3670,422.3578,251.1927,269.7890,296.9633
254.0730,228.9832,409.4157,193.1348,422.8314,251.2697,267.4887,287.1180
257.6486,222.8919,412.6757,197.0540,422.8378,258.0270,267.8108,283.8649
266.0000,206.0000,417.0000,206.0000,417.0000,274.0000,266.0000,274.0000
263.5380,211.5330,415.2639,200.6954,420.2182,270.0558,268.4923,280.8934
310.0000,189.0000,448.0000,189.0000,448.0000,268.0000,310.0000,268.0000
312.6667,218.8580,456.9096,200.1599,466.9055,277.2715,322.6627,295.9697
299.4653,212.0975,440.6027,206.6691,443.9365,293.3486,302.7991,298.7770
290.0799,221.5600,436.6599,200.6200,448.6599,284.6200,302.0799,305.5600
291.2277,217.2772,442.7129,202.1287,451.0198,285.1981,299.5346,300.3466
294.3345,216.0277,446.5286,209.6863,450.1075,295.5788,297.9134,301.9203
295.7261,225.1595,450.5122,201.0370,463.1228,281.9549,308.3367,306.0774
303.0000,212.0000,454.0000,212.0000,454.0000,299.0000,303.0000,299.0000
310.0000,211.0000,463.0000,211.0000,463.0000,297.0000,310.0000,297.0000
311.0000,212.0000,465.0000,212.0000,465.0000,298.0000,311.0000,298.0000
314.0000,209.0000,468.0000,209.0000,468.0000,296.0000,314.0000,296.0000
320.0000,293.0000,320.0000,206.0000,474.0000,206.0000,474.0000,293.0000
319.0000,205.0000,475.0000,205.0000,475.0000,292.0000,319.0000,292.0000
325.0000,206.0000,482.0000,206.0000,482.0000,293.0000,325.0000,293.0000
328.0000,207.0000,485.0000,207.0000,485.0000,294.0000,328.0000,294.0000
332.0000,207.0000,487.0000,207.0000,487.0000,294.0000,332.0000,294.0000
347.0000,206.0000,503.0000,206.0000,503.0000,292.0000,347.0000,292.0000
343.0000,206.0000,501.0000,206.0000,501.0000,291.0000,343.0000,291.0000
344.0000,208.0000,503.0000,208.0000,503.0000,289.0000,344.0000,289.0000
351.0000,208.0000,509.0000,208.0000,509.0000,289.0000,351.0000,289.0000
353.0000,206.0000,511.0000,206.0000,511.0000,288.0000,353.0000,288.0000
345.9999,288.0000,345.9999,205.0000,499.9999,205.0000,499.9999,288.0000
355.0000,207.0000,511.0000,207.0000,511.0000,289.0000,355.0000,289.0000
352.0000,208.0000,506.0000,208.0000,506.0000,292.0000,352.0000,292.0000
354.0000,207.0000,508.0000,207.0000,508.0000,291.0000,354.0000,291.0000
396.0000,209.0000,532.0000,209.0000,532.0000,295.0000,396.0000,295.0000
408.0000,215.0000,558.0000,215.0000,558.0000,303.0000,408.0000,303.0000
421.0000,218.0000,557.0000,218.0000,557.0000,304.0000,421.0000,304.0000
427.0000,213.0000,569.0000,213.0000,569.0000,308.0000,427.0000,308.0000
432.0000,218.0000,570.0000,218.0000,570.0000,313.0000,432.0000,313.0000
430.4639,231.6670,565.2411,217.0173,575.0333,307.1051,440.2560,321.7548
433.4426,250.3245,562.1481,223.5108,580.9501,313.7604,452.2446,340.5740
440.6069,243.2828,572.7725,232.2690,579.9518,318.4207,447.7863,329.4345
440.2853,259.4836,569.1355,234.7047,585.0913,317.6748,456.2411,342.4536
450.0000,326.0000,450.0000,240.0000,583.0000,240.0000,583.0000,326.0000
453.0000,236.0000,579.0000,236.0000,579.0000,322.0000,453.0000,322.0000
464.5437,245.1645,587.4222,238.9585,591.3073,315.8835,468.4288,322.0895
468.6812,254.4141,580.8888,234.3770,594.0841,308.2707,481.8765,328.3078
475.4489,276.6095,502.7591,218.0876,618.1058,271.9161,590.7957,330.4380
481.0532,272.2164,513.4724,218.6543,618.9017,282.4668,586.4825,336.0289
489.1860,274.8421,522.3510,222.8836,622.3375,286.7047,589.1724,338.6632
498.1539,280.7692,530.7692,231.8461,628.6154,297.0769,596.0001,346.0000
505.2185,289.4083,557.6206,246.2536,619.3073,321.1588,566.9052,364.3134
518.5594,297.9059,567.0247,258.2525,624.1880,328.1188,575.7227,367.7723
528.4381,309.8608,548.7474,257.0567,629.8300,288.2422,609.5206,341.0464
537.7045,308.2980,555.5815,260.0302,628.3089,286.9662,610.4319,335.2341
543.7307,279.9958,571.8360,261.8835,614.9920,328.8496,586.8867,346.9620
2
0
0
0
0
1
718.0000,229.0000,868.0000,229.0000,868.0000,297.0000,718.0000,297.0000
718.0000,229.0000,871.0000,229.0000,871.0000,299.0000,718.0000,299.0000
716.0000,228.0000,871.0000,228.0000,871.0000,298.0000,716.0000,298.0000
713.0000,226.0000,874.0000,226.0000,874.0000,301.0000,713.0000,301.0000
715.0273,302.0004,716.0955,224.0287,880.9686,226.2872,879.9005,304.2589
713.8881,303.7148,715.2186,223.8870,882.1055,226.6684,880.7751,306.4963
708.9006,288.1537,721.6179,213.6665,895.2161,243.3052,882.4988,317.7925
712.6390,290.0385,724.6674,215.4625,899.1917,243.6116,887.1633,318.1876
705.2122,290.6086,716.9789,213.4714,890.0036,239.8650,878.2369,317.0023
705.9007,290.6398,718.0932,212.0662,891.1840,238.9251,878.9915,317.4987
709.1442,281.0854,728.6874,206.4658,903.9957,252.3798,884.4525,326.9995
722.4616,286.6923,737.1923,213.0385,918.9230,249.3846,904.1923,323.0385
727.5609,293.3875,737.5427,216.3851,920.7602,240.1356,910.7784,317.1379
724.6093,297.1681,733.1626,215.3006,916.4308,234.4480,907.8774,316.3156
721.4960,295.4524,730.8682,212.6643,913.3223,233.3195,903.9501,316.1075
718.8916,293.7559,729.0981,210.8275,911.4740,233.2737,901.2675,316.2021
711.9368,295.5426,722.0138,209.1683,903.3127,230.3199,893.2357,316.6942
714.3741,291.5061,727.2029,205.9804,908.9633,233.2445,896.1345,318.7702
725.1199,295.1600,737.5999,207.8000,918.6199,233.6600,906.1400,321.0200
733.0772,293.1058,746.5139,207.1116,928.2336,235.5053,914.7969,321.4995
753.9112,293.8269,768.2669,209.9010,954.1953,241.7045,939.8395,325.6305
754.6656,302.1249,761.1132,216.1585,947.5396,230.1405,941.0920,316.1069
749.6533,299.5700,758.9105,213.1690,951.5209,233.8058,942.2637,320.2068
745.7692,290.1539,762.6923,205.5385,957.3076,244.4615,940.3845,329.0769
746.1307,289.8304,763.0292,203.2252,959.3359,241.5289,942.4373,328.1341
741.1892,292.8649,755.8108,205.1351,954.4595,238.2432,939.8379,325.9730
745.7607,294.5973,757.1720,205.3825,954.7649,230.6560,943.3536,319.8708
749.6110,303.2257,755.3813,210.8988,949.5603,223.0350,943.7899,315.3619
746.3710,303.6081,754.9288,206.9052,953.1902,224.4505,944.6325,321.1534
742.5086,304.2096,752.9935,203.7297,952.9554,224.5953,942.4705,325.0752
