1
132.0000,330.0000,197.0000,330.0000,197.0000,429.0000,132.0000,429.0000
130.7822,431.9515,132.0134,324.8392,193.7408,325.5488,192.5097,432.6611
125.0000,326.0000,186.0000,326.0000,186.0000,438.0000,125.0000,438.0000
120.0000,327.0000,190.0000,327.0000,190.0000,435.0000,120.0000,435.0000
107.7059,412.1765,124.2353,346.0588,207.5294,366.8823,191.0000,433.0000
121.1923,364.9615,216.5769,345.8846,227.2692,399.3462,131.8846,418.4231
120.3861,343.8614,221.2772,333.7723,227.4258,395.2574,126.5347,405.3466
115.0000,313.0000,208.0000,313.0000,208.0000,388.0000,115.0000,388.0000
117.0000,277.0000,196.0000,277.0000,196.0000,369.0000,117.0000,369.0000
132.0000,351.0000,132.0000,244.0000,201.0000,244.0000,201.0000,351.0000
134.0000,235.0000,203.0000,235.0000,203.0000,356.0000,134.0000,356.0000
138.0000,227.0000,203.0000,227.0000,203.0000,355.0000,138.0000,355.0000
140.0000,215.0000,204.0000,215.0000,204.0000,349.0000,140.0000,349.0000
136.0000,209.0000,194.0000,209.0000,194.0000,341.0000,136.0000,341.0000
131.0000,223.0000,200.0000,223.0000,200.0000,331.0000,131.0000,331.0000
121.6471,310.4118,138.2941,243.8236,229.1176,266.5294,212.4706,333.1177
142.0089,318.7336,143.8824,262.5294,245.8690,265.9289,243.9956,322.1331
144.5405,322.7567,157.3243,246.0540,262.4054,263.5675,249.6216,340.2703
152.0000,239.0000,250.0000,239.0000,250.0000,328.0000,152.0000,328.0000
148.3425,287.5083,169.3547,211.3392,271.3514,239.4763,250.3392,315.6453
144.7921,261.0792,150.6040,202.9604,262.4851,214.1485,256.6732,272.2673
137.0000,172.0000,233.0000,172.0000,233.0000,251.0000,137.0000,251.0000
144.9802,146.2104,216.6196,138.7480,226.5724,234.2946,154.9330,241.7570
162.0000,128.0000,226.0000,128.0000,226.0000,234.0000,162.0000,234.0000
168.0000,121.0000,232.0000,121.0000,232.0000,235.0000,168.0000,235.0000
171.0000,118.0000,235.0000,118.0000,235.0000,237.0000,171.0000,237.0000
174.0000,239.0000,174.0000,116.0000,237.0000,116.0000,237.0000,239.0000
175.0000,114.0000,241.0000,114.0000,241.0000,239.0000,175.0000,239.0000
176.0000,113.0000,244.0000,113.0000,244.0000,240.0000,176.0000,240.0000
175.1400,243.5509,182.5785,113.3759,250.2433,117.2425,242.8047,247.4174
174.9945,238.7816,197.5853,108.8844,261.6477,120.0257,239.0569,249.9229
178.2537,237.7551,198.1337,114.0572,259.7041,123.9524,239.8241,247.6503
185.0000,116.0000,245.0000,116.0000,245.0000,238.0000,185.0000,238.0000
182.0000,116.0000,240.0000,116.0000,240.0000,238.0000,182.0000,238.0000
180.0000,119.0000,241.0000,119.0000,241.0000,239.0000,180.0000,239.0000
138.4712,159.1347,189.7774,123.7750,255.9063,219.7267,204.6001,255.0864
140.1509,176.0621,188.4852,133.9645,259.5000,215.5000,211.1657,257.5976
147.6684,198.2587,188.1552,148.0902,264.2898,209.5321,223.8029,259.7007
166.9970,227.6873,190.4208,170.5331,289.0370,210.9496,265.6132,268.1038
185.8457,199.0488,287.7941,180.3235,300.3767,248.8288,198.4283,267.5540
201.0000,181.0000,302.0000,181.0000,302.0000,261.0000,201.0000,261.0000
210.0000,171.0000,305.0000,171.0000,305.0000,257.0000,210.0000,257.0000
211.0000,159.0000,305.0000,159.0000,305.0000,247.0000,211.0000,247.0000
206.0000,145.0000,299.0000,145.0000,299.0000,231.0000,206.0000,231.0000
198.0000,117.0000,289.0000,117.0000,289.0000,203.0000,198.0000,203.0000
204.0000,82.0000,281.0000,82.0000,281.0000,179.0000,204.0000,179.0000
227.0000,51.0000,286.0000,51.0000,286.0000,162.0000,227.0000,162.0000
239.5732,165.8415,253.4512,40.9390,308.7683,47.0854,294.8902,171.9878
244.1700,166.8532,272.6077,36.6385,321.8236,47.3868,293.3859,177.6015
255.0000,34.0000,309.0000,34.0000,309.0000,164.0000,255.0000,164.0000
256.0000,43.0000,319.0000,43.0000,319.0000,160.0000,256.0000,160.0000
270.2168,136.1590,342.7659,37.2283,367.2168,55.1590,294.6676,154.0896
238.5015,144.6213,319.8148,74.0475,346.4715,104.7606,265.1582,175.3344
225.3397,141.9671,301.7033,69.2984,356.5150,126.8970,280.1513,199.5657
261.6227,78.3208,323.9957,58.3614,356.6807,160.5022,294.3077,180.4615
278.0000,49.0000,355.0000,49.0000,355.0000,156.0000,278.0000,156.0000
261.0000,33.0000,352.0000,33.0000,352.0000,114.0000,261.0000,114.0000
245.0000,5.0000,354.0000,5.0000,354.0000,78.0000,245.0000,78.0000
250.9025,1.0508,364.9538,-0.8189,366.0938,68.7198,252.0424,70.5895
269.0000,3.0000,321.0000,3.0000,321.0000,72.0000,269.0000,72.0000
271.0000,2.0000,329.0000,2.0000,329.0000,74.0000,271.0000,74.0000
270.8552,1.2363,339.7917,-1.4151,342.5702,70.8242,273.6337,73.4756
269.0000,0.0000,342.0000,0.0000,342.0000,70.0000,269.0000,70.0000
265.0000,0.0000,341.0000,0.0000,341.0000,72.0000,265.0000,72.0000
261.0000,0.0000,339.0000,0.0000,339.0000,69.0000,261.0000,69.0000
261.0000,0.0000,323.0000,0.0000,323.0000,72.0000,261.0000,72.0000
250.1717,10.1117,299.0452,-15.0232,336.4629,57.7334,287.5894,82.8683
256.5089,3.8389,308.5482,-7.9882,326.7800,72.2318,274.7407,84.0589
252.5858,5.2450,299.7573,-11.2650,328.3341,70.3831,281.1626,86.8931
249.1908,3.1525,295.5650,-15.8728,330.8424,70.1159,284.4682,89.1413
245.5595,3.4935,294.5581,-18.9641,334.1550,67.4290,285.1564,89.8867
247.8770,3.0154,308.3077,-4.5385,319.4154,84.3231,258.9846,91.8769
250.0000,2.0000,314.0000,2.0000,314.0000,89.0000,250.0000,89.0000
250.0000,3.0000,315.0000,3.0000,315.0000,91.0000,250.0000,91.0000
252.0000,2.0000,316.0000,2.0000,316.0000,92.0000,252.0000,92.0000
249.0000,2.0000,316.0000,2.0000,316.0000,92.0000,249.0000,92.0000
247.0000,2.0000,316.0000,2.0000,316.0000,90.0000,247.0000,90.0000
245.1923,90.1563,247.0760,3.5017,316.2607,5.0057,314.3770,91.6604
222.9200,22.5600,262.9200,-7.4400,321.7200,70.9600,281.7200,100.9600
219.9215,27.5539,259.5526,-4.7981,322.0270,71.7331,282.3959,104.0850
215.9533,30.9462,256.2010,-3.9858,322.0114,71.8392,281.7636,106.7711
215.2931,28.9828,254.0241,-3.7897,320.9724,75.3310,282.2414,108.1035
213.8107,32.9662,250.8015,-2.5740,323.4884,73.0798,286.4976,108.6199
212.0974,33.9536,246.7858,-1.9962,323.5096,72.0356,288.8212,107.9854
210.8398,36.9402,244.3936,-0.9631,324.4003,69.8626,290.8466,107.7659
209.8410,48.1773,239.5648,7.0699,324.6083,68.5630,294.8845,109.6704
210.6761,59.8363,234.7621,15.7766,323.3639,64.2123,299.2780,108.2720
214.5429,72.3988,231.0824,25.9609,325.4171,59.5595,308.8776,105.9975
243.4966,88.0414,247.0276,45.6690,352.9586,54.4966,349.4276,96.8690
240.1520,91.1133,242.5580,45.3978,360.2321,51.5912,357.8260,97.3066
235.4016,92.5820,240.0574,41.3689,361.4181,52.4016,356.7623,103.6148
242.9245,89.7358,253.0340,35.8189,371.5547,58.0415,361.4453,111.9585
250.6718,82.5266,269.0150,28.6434,379.8892,66.3878,361.5460,120.2710
261.7383,66.7245,295.8020,24.4855,385.9874,97.2156,351.9237,139.4546
260.1539,66.7692,290.4615,21.3077,388.5385,86.6923,358.2308,132.1538
262.0700,55.5076,292.2188,15.7112,386.7328,87.3127,356.5840,127.1091
253.4656,57.2853,275.1077,12.6760,382.0706,64.5689,360.4284,109.1781
245.9238,50.9126,263.4778,8.2245,380.1825,56.2152,362.6285,98.9033
233.9664,56.0952,243.2787,13.3684,372.0588,41.4359,362.7466,84.1627
232.5769,55.1154,241.5000,10.5000,377.6539,37.7308,368.7308,82.3462
230.0742,41.4693,245.7581,-2.7819,383.3250,45.9759,367.6410,90.2272
233.4000,41.8000,249.9000,-7.7000,382.8000,36.6000,366.3000,86.1000
247.9706,52.3194,260.6720,-3.3249,386.3726,25.3677,373.6712,81.0119
267.0000,5.0000,366.0000,5.0000,366.0000,63.0000,267.0000,63.0000
273.0000,3.0000,363.0000,3.0000,363.0000,65.0000,273.0000,65.0000
276.0000,1.0000,357.0000,1.0000,357.0000,67.0000,276.0000,67.0000
278.0000,2.0000,349.0000,2.0000,349.0000,69.0000,278.0000,69.0000
280.0000,1.0000,346.0000,1.0000,346.0000,73.0000,280.0000,73.0000
280.0000,0.0000,340.0000,0.0000,340.0000,76.0000,280.0000,76.0000
278.0000,1.0000,335.0000,1.0000,335.0000,79.0000,278.0000,79.0000
278.0000,2.0000,334.0000,2.0000,334.0000,81.0000,278.0000,81.0000
278.0000,2.0000,333.0000,2.0000,333.0000,84.0000,278.0000,84.0000
276.0000,3.0000,331.0000,3.0000,331.0000,86.0000,276.0000,86.0000
277.0000,4.0000,329.0000,4.0000,329.0000,89.0000,277.0000,89.0000
277.0000,4.0000,329.0000,4.0000,329.0000,91.0000,277.0000,91.0000
277.0000,4.0000,330.0000,4.0000,330.0000,95.0000,277.0000,95.0000
276.0000,5.0000,330.0000,5.0000,330.0000,99.0000,276.0000,99.0000
277.0000,4.0000,333.0000,4.0000,333.0000,102.0000,277.0000,102.0000
275.0000,6.0000,333.0000,6.0000,333.0000,106.0000,275.0000,106.0000
273.0000,5.0000,331.0000,5.0000,331.0000,109.0000,273.0000,109.0000
274.0000,7.0000,321.0000,7.0000,321.0000,115.0000,274.0000,115.0000
273.0000,6.0000,317.0000,6.0000,317.0000,117.0000,273.0000,117.0000
268.4589,7.1771,313.3466,4.9327,319.0374,118.7481,274.1497,120.9925
262.6337,11.3366,307.1881,6.8812,318.8218,123.2178,274.2674,127.6733
261.7213,14.9344,308.2459,10.7049,318.8770,127.6475,272.3524,131.8770
261.0885,17.3274,311.1328,13.9911,319.1062,133.5929,269.0620,136.9292
249.7692,29.8462,302.0769,19.3846,325.9615,138.8077,273.6538,149.2692
247.1741,35.4213,299.1741,23.4213,326.7640,142.9775,274.7640,154.9775
243.6226,43.6793,294.7358,29.0755,328.4340,147.0189,277.3207,161.6227
237.2083,53.9650,287.2627,34.1021,332.4140,147.8833,282.3596,167.7462
238.0150,60.0332,283.1743,39.5610,334.3323,152.4094,289.1730,172.8816
233.7740,81.0149,274.2686,53.4560,340.9629,151.4557,300.4683,179.0146
233.5711,107.5514,267.3951,72.5194,346.0431,148.4554,312.2191,183.4874
241.9807,131.6647,267.8539,90.6463,359.6749,148.5642,333.8018,189.5826
245.5842,121.8416,278.0198,82.1980,365.1486,153.4852,332.7129,193.1287
261.6000,80.2000,309.6000,56.2000,360.2000,157.4000,312.2000,181.4000
305.0000,58.0000,359.0000,58.0000,359.0000,167.0000,305.0000,167.0000
312.0000,62.0000,366.0000,62.0000,366.0000,180.0000,312.0000,180.0000
317.0000,68.0000,369.0000,68.0000,369.0000,193.0000,317.0000,193.0000
319.0000,70.0000,371.0000,70.0000,371.0000,200.0000,319.0000,200.0000
328.0000,82.0000,374.0000,82.0000,374.0000,214.0000,328.0000,214.0000
324.0000,89.0000,374.0000,89.0000,374.0000,223.0000,324.0000,223.0000
314.5926,100.3429,359.9345,94.4924,377.4166,229.9785,332.0747,235.8291
310.6495,114.8163,359.9077,107.5724,378.7223,235.5114,329.4641,242.7553
280.2307,150.8461,327.7692,119.1539,395.7692,221.1539,348.2307,252.8461
312.4069,130.3912,371.1609,123.3407,385.5836,243.5300,326.8297,250.5805
313.1298,131.6187,371.8560,123.6105,388.5112,245.7485,329.7850,253.7566
290.2353,157.0588,338.4706,128.1176,401.9117,233.8529,353.6765,262.7941
290.6816,161.7188,338.7665,128.6604,407.8302,229.1167,359.7453,262.1750
327.0000,132.0000,388.0000,132.0000,388.0000,253.0000,327.0000,253.0000
