1
276.0000,68.0000,297.0000,68.0000,297.0000,131.0000,276.0000,131.0000
277.0000,68.0000,297.0000,68.0000,297.0000,129.0000,277.0000,129.0000
277.0000,69.0000,297.0000,69.0000,297.0000,131.0000,277.0000,131.0000
277.0000,68.0000,297.0000,68.0000,297.0000,131.0000,277.0000,131.0000
276.0000,69.0000,297.0000,69.0000,297.0000,131.0000,276.0000,131.0000
276.0000,70.0000,297.0000,70.0000,297.0000,132.0000,276.0000,132.0000
276.0000,68.0000,297.0000,68.0000,297.0000,129.0000,276.0000,129.0000
276.0000,68.0000,297.0000,68.0000,297.0000,130.0000,276.0000,130.0000
275.0000,67.0000,298.0000,67.0000,298.0000,130.0000,275.0000,130.0000
276.0000,68.0000,298.0000,68.0000,298.0000,131.0000,276.0000,131.0000
276.0000,69.0000,298.0000,69.0000,298.0000,132.0000,276.0000,132.0000
276.0000,68.0000,298.0000,68.0000,298.0000,131.0000,276.0000,131.0000
276.0000,68.0000,298.0000,68.0000,298.0000,130.0000,276.0000,130.0000
279.0000,69.0000,299.0000,69.0000,299.0000,128.0000,279.0000,128.0000
277.0000,69.0000,298.0000,69.0000,298.0000,128.0000,277.0000,128.0000
278.0000,69.0000,298.0000,69.0000,298.0000,130.0000,278.0000,130.0000
276.0000,69.0000,297.0000,69.0000,297.0000,130.0000,276.0000,130.0000
276.0000,68.0000,297.0000,68.0000,297.0000,130.0000,276.0000,130.0000
275.0000,67.0000,297.0000,67.0000,297.0000,129.0000,275.0000,129.0000
276.0000,67.0000,298.0000,67.0000,298.0000,129.0000,276.0000,129.0000
275.0000,67.0000,298.0000,67.0000,298.0000,129.0000,275.0000,129.0000
277.0000,68.0000,298.0000,68.0000,298.0000,130.0000,277.0000,130.0000
277.0000,68.0000,298.0000,68.0000,298.0000,130.0000,277.0000,130.0000
277.0000,68.0000,298.0000,68.0000,298.0000,131.0000,277.0000,131.0000
277.0000,66.0000,298.0000,66.0000,298.0000,128.0000,277.0000,128.0000
280.0000,66.0000,298.0000,66.0000,298.0000,127.0000,280.0000,127.0000
278.0000,66.0000,298.0000,66.0000,298.0000,128.0000,278.0000,128.0000
278.0000,66.0000,298.0000,66.0000,298.0000,129.0000,278.0000,129.0000
277.0000,66.0000,298.0000,66.0000,298.0000,130.0000,277.0000,130.0000
276.0000,65.0000,298.0000,65.0000,298.0000,130.0000,276.0000,130.0000
275.0000,63.0000,297.0000,63.0000,297.0000,127.0000,275.0000,127.0000
275.0000,64.0000,298.0000,64.0000,298.0000,126.0000,275.0000,126.0000
275.0000,65.0000,297.0000,65.0000,297.0000,127.0000,275.0000,127.0000
277.0000,66.0000,298.0000,66.0000,298.0000,128.0000,277.0000,128.0000
278.0000,66.0000,298.0000,66.0000,298.0000,130.0000,278.0000,130.0000
278.0000,66.0000,298.0000,66.0000,298.0000,130.0000,278.0000,130.0000
278.0000,65.0000,298.0000,65.0000,298.0000,128.0000,278.0000,128.0000
279.0000,65.0000,298.0000,65.0000,298.0000,127.0000,279.0000,127.0000
279.0000,64.0000,299.0000,64.0000,299.0000,127.0000,279.0000,127.0000
279.0000,63.0000,299.0000,63.0000,299.0000,127.0000,279.0000,127.0000
279.0000,64.0000,299.0000,64.0000,299.0000,128.0000,279.0000,128.0000
277.0000,65.0000,298.0000,65.0000,298.0000,129.0000,277.0000,129.0000
276.0000,65.0000,298.0000,65.0000,298.0000,129.0000,276.0000,129.0000
276.0000,63.0000,297.0000,63.0000,297.0000,127.0000,276.0000,127.0000
276.0000,64.0000,297.0000,64.0000,297.0000,129.0000,276.0000,129.0000
277.0000,66.0000,298.0000,66.0000,298.0000,131.0000,277.0000,131.0000
277.0000,66.0000,298.0000,66.0000,298.0000,132.0000,277.0000,132.0000
276.0000,65.0000,296.0000,65.0000,296.0000,131.0000,276.0000,131.0000
277.0000,64.0000,298.0000,64.0000,298.0000,130.0000,277.0000,130.0000
278.0000,63.0000,299.0000,63.0000,299.0000,127.0000,278.0000,127.0000
278.0000,65.0000,299.0000,65.0000,299.0000,129.0000,278.0000,129.0000
277.0000,66.0000,299.0000,66.0000,299.0000,129.0000,277.0000,129.0000
277.0000,65.0000,298.0000,65.0000,298.0000,129.0000,277.0000,129.0000
276.0000,65.0000,297.0000,65.0000,297.0000,130.0000,276.0000,130.0000
275.0000,64.0000,298.0000,64.0000,298.0000,127.0000,275.0000,127.0000
274.0000,65.0000,297.0000,65.0000,297.0000,128.0000,274.0000,128.0000
274.0000,64.0000,297.0000,64.0000,297.0000,127.0000,274.0000,127.0000
276.0000,124.0000,276.0000,64.0000,299.0000,64.0000,299.0000,124.0000
275.0000,66.0000,298.0000,66.0000,298.0000,130.0000,275.0000,130.0000
275.0000,66.0000,297.0000,66.0000,297.0000,131.0000,275.0000,131.0000
276.0000,64.0000,297.0000,64.0000,297.0000,131.0000,276.0000,131.0000
277.0000,63.0000,297.0000,63.0000,297.0000,128.0000,277.0000,128.0000
277.0000,129.0000,277.0000,65.0000,298.0000,65.0000,298.0000,129.0000
277.0000,65.0000,298.0000,65.0000,298.0000,129.0000,277.0000,129.0000
275.0000,66.0000,297.0000,66.0000,297.0000,130.0000,275.0000,130.0000
274.0000,65.0000,297.0000,65.0000,297.0000,131.0000,274.0000,131.0000
273.0000,64.0000,297.0000,64.0000,297.0000,131.0000,273.0000,131.0000
272.0000,64.0000,296.0000,64.0000,296.0000,129.0000,272.0000,129.0000
273.0000,64.0000,297.0000,64.0000,297.0000,127.0000,273.0000,127.0000
273.0000,66.0000,297.0000,66.0000,297.0000,129.0000,273.0000,129.0000
273.0000,67.0000,296.0000,67.0000,296.0000,133.0000,273.0000,133.0000
272.0000,65.0000,294.0000,65.0000,294.0000,133.0000,272.0000,133.0000
273.0000,64.0000,295.0000,64.0000,295.0000,133.0000,273.0000,133.0000
274.0000,63.0000,296.0000,63.0000,296.0000,131.0000,274.0000,131.0000
274.0000,63.0000,296.0000,63.0000,296.0000,129.0000,274.0000,129.0000
272.0000,65.0000,295.0000,65.0000,295.0000,132.0000,272.0000,132.0000
272.0000,65.0000,295.0000,65.0000,295.0000,133.0000,272.0000,133.0000
271.0000,64.0000,296.0000,64.0000,296.0000,133.0000,271.0000,133.0000
270.0000,62.0000,296.0000,62.0000,296.0000,130.0000,270.0000,130.0000
270.0000,62.0000,295.0000,62.0000,295.0000,127.0000,270.0000,127.0000
270.0000,63.0000,295.0000,63.0000,295.0000,127.0000,270.0000,127.0000
270.0000,62.0000,294.0000,62.0000,294.0000,126.0000,270.0000,126.0000
270.0000,64.0000,294.0000,64.0000,294.0000,130.0000,270.0000,130.0000
269.0000,62.0000,292.0000,62.0000,292.0000,128.0000,269.0000,128.0000
269.0000,62.0000,292.0000,62.0000,292.0000,128.0000,269.0000,128.0000
270.0000,128.0000,270.0000,62.0000,293.0000,62.0000,293.0000,128.0000
269.0000,127.0000,269.0000,63.0000,292.0000,63.0000,292.0000,127.0000
269.0000,64.0000,292.0000,64.0000,292.0000,129.0000,269.0000,129.0000
269.0000,65.0000,292.0000,65.0000,292.0000,132.0000,269.0000,132.0000
270.0000,65.0000,294.0000,65.0000,294.0000,133.0000,270.0000,133.0000
269.0000,63.0000,294.0000,63.0000,294.0000,130.0000,269.0000,130.0000
269.0000,64.0000,294.0000,64.0000,294.0000,130.0000,269.0000,130.0000
269.0000,65.0000,295.0000,65.0000,295.0000,129.0000,269.0000,129.0000
271.0000,69.0000,296.0000,69.0000,296.0000,132.0000,271.0000,132.0000
270.0000,72.0000,295.0000,72.0000,295.0000,138.0000,270.0000,138.0000
271.0000,74.0000,294.0000,74.0000,294.0000,141.0000,271.0000,141.0000
271.0000,74.0000,294.0000,74.0000,294.0000,144.0000,271.0000,144.0000
272.0000,75.0000,295.0000,75.0000,295.0000,148.0000,272.0000,148.0000
271.0000,76.0000,296.0000,76.0000,296.0000,149.0000,271.0000,149.0000
269.0000,74.0000,296.0000,74.0000,296.0000,149.0000,269.0000,149.0000
268.0000,75.0000,297.0000,75.0000,297.0000,150.0000,268.0000,150.0000
266.0000,73.0000,295.0000,73.0000,295.0000,146.0000,266.0000,146.0000
263.6315,140.9493,266.1644,72.5616,295.3835,73.6438,292.8506,142.0315
265.0000,73.0000,296.0000,73.0000,296.0000,141.0000,265.0000,141.0000
263.0000,74.0000,294.0000,74.0000,294.0000,141.0000,263.0000,141.0000
262.0000,73.0000,292.0000,73.0000,292.0000,143.0000,262.0000,143.0000
262.0000,72.0000,291.0000,72.0000,291.0000,144.0000,262.0000,144.0000
263.0000,70.0000,292.0000,70.0000,292.0000,144.0000,263.0000,144.0000
262.0000,68.0000,291.0000,68.0000,291.0000,143.0000,262.0000,143.0000
262.0000,68.0000,292.0000,68.0000,292.0000,142.0000,262.0000,142.0000
261.0000,70.0000,291.0000,70.0000,291.0000,145.0000,261.0000,145.0000
260.0000,68.0000,291.0000,68.0000,291.0000,144.0000,260.0000,144.0000
261.0000,69.0000,292.0000,69.0000,292.0000,146.0000,261.0000,146.0000
260.5688,145.9767,264.8252,67.2338,293.9024,68.8055,289.6460,147.5484
261.7455,145.9070,264.0114,66.6003,293.9584,67.4559,291.6924,146.7626
262.0000,68.0000,293.0000,68.0000,293.0000,145.0000,262.0000,145.0000
262.0000,69.0000,295.0000,69.0000,295.0000,145.0000,262.0000,145.0000
264.0000,68.0000,295.0000,68.0000,295.0000,145.0000,264.0000,145.0000
263.0000,67.0000,295.0000,67.0000,295.0000,146.0000,263.0000,146.0000
266.0000,65.0000,298.0000,65.0000,298.0000,142.0000,266.0000,142.0000
267.0000,65.0000,300.0000,65.0000,300.0000,141.0000,267.0000,141.0000
269.0000,66.0000,302.0000,66.0000,302.0000,142.0000,269.0000,142.0000
269.0000,68.0000,303.0000,68.0000,303.0000,145.0000,269.0000,145.0000
271.0000,68.0000,305.0000,68.0000,305.0000,146.0000,271.0000,146.0000
270.2373,146.2023,275.2607,65.8288,307.9455,67.8716,302.9221,148.2451
271.6706,145.2823,277.8470,64.9882,308.5882,67.3529,302.4117,147.6471
270.6829,142.8537,279.4634,63.8293,310.7439,67.3049,301.9634,146.3293
275.0000,67.0000,307.0000,67.0000,307.0000,145.0000,275.0000,145.0000
274.0000,68.0000,307.0000,68.0000,307.0000,146.0000,274.0000,146.0000
275.0000,68.0000,308.0000,68.0000,308.0000,147.0000,275.0000,147.0000
275.0000,67.0000,308.0000,67.0000,308.0000,147.0000,275.0000,147.0000
275.0000,67.0000,309.0000,67.0000,309.0000,147.0000,275.0000,147.0000
278.0000,67.0000,310.0000,67.0000,310.0000,148.0000,278.0000,148.0000
278.0000,68.0000,311.0000,68.0000,311.0000,151.0000,278.0000,151.0000
276.0000,68.0000,310.0000,68.0000,310.0000,152.0000,276.0000,152.0000
277.0000,67.0000,311.0000,67.0000,311.0000,150.0000,277.0000,150.0000
277.0000,64.0000,312.0000,64.0000,312.0000,147.0000,277.0000,147.0000
277.0000,64.0000,312.0000,64.0000,312.0000,146.0000,277.0000,146.0000
277.0000,65.0000,313.0000,65.0000,313.0000,148.0000,277.0000,148.0000
279.0000,66.0000,313.0000,66.0000,313.0000,149.0000,279.0000,149.0000
278.0000,66.0000,313.0000,66.0000,313.0000,150.0000,278.0000,150.0000
277.0000,65.0000,313.0000,65.0000,313.0000,149.0000,277.0000,149.0000
278.0000,65.0000,313.0000,65.0000,313.0000,147.0000,278.0000,147.0000
279.0000,64.0000,315.0000,64.0000,315.0000,147.0000,279.0000,147.0000
280.0000,66.0000,316.0000,66.0000,316.0000,149.0000,280.0000,149.0000
281.0000,67.0000,318.0000,67.0000,318.0000,149.0000,281.0000,149.0000
280.0000,67.0000,318.0000,67.0000,318.0000,149.0000,280.0000,149.0000
281.0000,67.0000,318.0000,67.0000,318.0000,149.0000,281.0000,149.0000
282.0000,68.0000,319.0000,68.0000,319.0000,149.0000,282.0000,149.0000
283.0000,68.0000,319.0000,68.0000,319.0000,149.0000,283.0000,149.0000
281.0000,68.0000,318.0000,68.0000,318.0000,148.0000,281.0000,148.0000
282.0000,68.0000,319.0000,68.0000,319.0000,149.0000,282.0000,149.0000
282.0000,68.0000,318.0000,68.0000,318.0000,148.0000,282.0000,148.0000
283.0000,66.0000,319.0000,66.0000,319.0000,148.0000,283.0000,148.0000
283.0000,65.0000,319.0000,65.0000,319.0000,146.0000,283.0000,146.0000
285.0000,66.0000,320.0000,66.0000,320.0000,145.0000,285.0000,145.0000
284.0000,65.0000,320.0000,65.0000,320.0000,145.0000,284.0000,145.0000
285.0000,65.0000,321.0000,65.0000,321.0000,145.0000,285.0000,145.0000
287.0000,63.0000,322.0000,63.0000,322.0000,144.0000,287.0000,144.0000
287.0000,61.0000,322.0000,61.0000,322.0000,142.0000,287.0000,142.0000
286.0000,59.0000,321.0000,59.0000,321.0000,141.0000,286.0000,141.0000
285.0000,59.0000,321.0000,59.0000,321.0000,143.0000,285.0000,143.0000
284.0000,58.0000,321.0000,58.0000,321.0000,143.0000,284.0000,143.0000
287.0000,58.0000,322.0000,58.0000,322.0000,144.0000,287.0000,144.0000
287.0000,57.0000,321.0000,57.0000,321.0000,145.0000,287.0000,145.0000
287.0000,53.0000,320.0000,53.0000,320.0000,139.0000,287.0000,139.0000
288.0000,54.0000,321.0000,54.0000,321.0000,137.0000,288.0000,137.0000
290.0000,55.0000,322.0000,55.0000,322.0000,132.0000,290.0000,132.0000
290.0000,56.0000,322.0000,56.0000,322.0000,134.0000,290.0000,134.0000
289.0000,60.0000,321.0000,60.0000,321.0000,140.0000,289.0000,140.0000
290.0000,59.0000,322.0000,59.0000,322.0000,143.0000,290.0000,143.0000
289.0000,56.0000,322.0000,56.0000,322.0000,140.0000,289.0000,140.0000
288.0000,55.0000,322.0000,55.0000,322.0000,137.0000,288.0000,137.0000
288.0000,58.0000,322.0000,58.0000,322.0000,142.0000,288.0000,142.0000
288.0000,61.0000,322.0000,61.0000,322.0000,148.0000,288.0000,148.0000
288.0000,57.0000,324.0000,57.0000,324.0000,147.0000,288.0000,147.0000
289.0000,56.0000,324.0000,56.0000,324.0000,146.0000,289.0000,146.0000
288.0000,55.0000,323.0000,55.0000,323.0000,143.0000,288.0000,143.0000
291.0000,54.0000,325.0000,54.0000,325.0000,141.0000,291.0000,141.0000
293.0000,56.0000,326.0000,56.0000,326.0000,141.0000,293.0000,141.0000
292.0000,59.0000,325.0000,59.0000,325.0000,147.0000,292.0000,147.0000
292.0000,59.0000,326.0000,59.0000,326.0000,149.0000,292.0000,149.0000
292.0000,56.0000,326.0000,56.0000,326.0000,146.0000,292.0000,146.0000
293.0000,54.0000,325.0000,54.0000,325.0000,144.0000,293.0000,144.0000
292.0000,54.0000,324.0000,54.0000,324.0000,142.0000,292.0000,142.0000
293.0000,55.0000,325.0000,55.0000,325.0000,143.0000,293.0000,143.0000
293.0000,58.0000,324.0000,58.0000,324.0000,147.0000,293.0000,147.0000
293.0000,58.0000,324.0000,58.0000,324.0000,150.0000,293.0000,150.0000
294.0000,56.0000,325.0000,56.0000,325.0000,149.0000,294.0000,149.0000
293.0000,54.0000,324.0000,54.0000,324.0000,145.0000,293.0000,145.0000
294.0000,55.0000,325.0000,55.0000,325.0000,143.0000,294.0000,143.0000
295.0000,55.0000,326.0000,55.0000,326.0000,143.0000,295.0000,143.0000
294.0000,58.0000,325.0000,58.0000,325.0000,147.0000,294.0000,147.0000
295.0000,59.0000,326.0000,59.0000,326.0000,150.0000,295.0000,150.0000
295.0000,56.0000,326.0000,56.0000,326.0000,148.0000,295.0000,148.0000
295.0000,55.0000,326.0000,55.0000,326.0000,147.0000,295.0000,147.0000
295.0000,55.0000,326.0000,55.0000,326.0000,146.0000,295.0000,146.0000
295.0000,56.0000,326.0000,56.0000,326.0000,146.0000,295.0000,146.0000
295.0000,59.0000,325.0000,59.0000,325.0000,151.0000,295.0000,151.0000
295.0000,59.0000,325.0000,59.0000,325.0000,152.0000,295.0000,152.0000
295.0000,57.0000,325.0000,57.0000,325.0000,152.0000,295.0000,152.0000
294.0000,55.0000,325.0000,55.0000,325.0000,147.0000,294.0000,147.0000
296.0000,55.0000,326.0000,55.0000,326.0000,147.0000,296.0000,147.0000
295.0000,55.0000,325.0000,55.0000,325.0000,145.0000,295.0000,145.0000
295.0000,59.0000,326.0000,59.0000,326.0000,151.0000,295.0000,151.0000
296.0000,59.0000,326.0000,59.0000,326.0000,152.0000,296.0000,152.0000
295.0000,58.0000,325.0000,58.0000,325.0000,153.0000,295.0000,153.0000
296.0000,54.0000,326.0000,54.0000,326.0000,148.0000,296.0000,148.0000
295.0000,150.0000,295.0000,55.0000,325.0000,55.0000,325.0000,150.0000
296.0000,56.0000,326.0000,56.0000,326.0000,151.0000,296.0000,151.0000
295.0000,58.0000,325.0000,58.0000,325.0000,154.0000,295.0000,154.0000
295.0000,59.0000,325.0000,59.0000,325.0000,157.0000,295.0000,157.0000
296.0000,58.0000,326.0000,58.0000,326.0000,158.0000,296.0000,158.0000
296.0000,56.0000,326.0000,56.0000,326.0000,154.0000,296.0000,154.0000
296.0000,54.0000,326.0000,54.0000,326.0000,150.0000,296.0000,150.0000
295.0000,56.0000,325.0000,56.0000,325.0000,149.0000,295.0000,149.0000
296.0000,61.0000,326.0000,61.0000,326.0000,157.0000,296.0000,157.0000
296.0000,58.0000,326.0000,58.0000,326.0000,155.0000,296.0000,155.0000
297.0000,58.0000,327.0000,58.0000,327.0000,155.0000,297.0000,155.0000
295.0000,56.0000,325.0000,56.0000,325.0000,151.0000,295.0000,151.0000
296.0000,56.0000,326.0000,56.0000,326.0000,151.0000,296.0000,151.0000
297.0000,56.0000,327.0000,56.0000,327.0000,151.0000,297.0000,151.0000
297.0000,58.0000,326.0000,58.0000,326.0000,153.0000,297.0000,153.0000
298.0000,58.0000,327.0000,58.0000,327.0000,156.0000,298.0000,156.0000
297.0000,57.0000,326.0000,57.0000,326.0000,156.0000,297.0000,156.0000
297.0000,54.0000,326.0000,54.0000,326.0000,152.0000,297.0000,152.0000
298.0000,54.0000,326.0000,54.0000,326.0000,147.0000,298.0000,147.0000
299.0000,54.0000,327.0000,54.0000,327.0000,142.0000,299.0000,142.0000
295.1546,144.9077,299.6534,54.9327,327.4838,56.3242,322.9850,146.2993
299.0000,60.0000,328.0000,60.0000,328.0000,152.0000,299.0000,152.0000
301.0000,61.0000,328.0000,61.0000,328.0000,156.0000,301.0000,156.0000
297.1286,152.2560,301.6407,55.9988,328.3944,57.2529,323.8824,153.5101
301.0000,56.0000,326.0000,56.0000,326.0000,154.0000,301.0000,154.0000
301.0000,56.0000,326.0000,56.0000,326.0000,157.0000,301.0000,157.0000
301.1837,160.4074,305.3067,57.3323,326.9920,58.1997,322.8690,161.2748
300.0000,58.0000,325.0000,58.0000,325.0000,162.0000,300.0000,162.0000
303.0000,57.0000,327.0000,57.0000,327.0000,162.0000,303.0000,162.0000
301.0000,54.0000,327.0000,54.0000,327.0000,156.0000,301.0000,156.0000
296.1933,141.2777,304.0056,51.4353,330.8030,53.7655,322.9906,143.6079
298.0625,144.2522,301.3452,52.3338,328.2752,53.2955,324.9924,145.2140
299.1076,144.9194,303.8073,54.0590,328.6374,55.3433,323.9377,146.2037
300.0000,59.0000,327.0000,59.0000,327.0000,150.0000,300.0000,150.0000
303.0000,60.0000,327.0000,60.0000,327.0000,155.0000,303.0000,155.0000
302.0000,59.0000,327.0000,59.0000,327.0000,156.0000,302.0000,156.0000
305.0000,55.0000,328.0000,55.0000,328.0000,151.0000,305.0000,151.0000
303.0000,58.0000,326.0000,58.0000,326.0000,157.0000,303.0000,157.0000
306.0000,57.0000,326.0000,57.0000,326.0000,158.0000,306.0000,158.0000
302.0000,59.0000,325.0000,59.0000,325.0000,161.0000,302.0000,161.0000
302.0000,58.0000,325.0000,58.0000,325.0000,161.0000,302.0000,161.0000
299.0179,155.4159,302.1274,54.3578,327.0731,55.1253,323.9636,156.1835
301.0167,147.5006,304.2531,50.4084,327.1276,51.1709,323.8912,148.2630
302.0000,55.0000,325.0000,55.0000,325.0000,150.0000,302.0000,150.0000
300.0599,147.3236,303.3821,54.2994,328.2076,55.1860,324.8854,148.2102
301.0000,60.0000,325.0000,60.0000,325.0000,154.0000,301.0000,154.0000
302.0000,62.0000,325.0000,62.0000,325.0000,157.0000,302.0000,157.0000
302.0000,58.0000,325.0000,58.0000,325.0000,155.0000,302.0000,155.0000
301.0000,61.0000,324.0000,61.0000,324.0000,159.0000,301.0000,159.0000
300.7498,157.7606,302.8385,59.5923,324.7222,60.0579,322.6335,158.2263
300.1037,160.5789,303.1991,58.4303,325.0880,59.0936,321.9926,161.2422
298.8556,162.4051,302.2682,58.3203,326.2097,59.1052,322.7971,163.1901
301.0034,163.7648,302.5779,56.6997,325.5583,57.0376,323.9838,164.1027
301.0000,54.0000,325.0000,54.0000,325.0000,161.0000,301.0000,161.0000
301.0464,148.6287,304.3773,50.3687,327.1816,51.1418,323.8508,149.4017
301.2053,149.3294,304.2178,51.4221,326.9809,52.1225,323.9684,150.0298
297.7313,148.6576,303.2547,52.9186,329.0534,54.4070,323.5301,150.1460
301.0000,58.0000,325.0000,58.0000,325.0000,155.0000,301.0000,155.0000
301.0000,64.0000,324.0000,64.0000,324.0000,161.0000,301.0000,161.0000
303.0000,58.0000,325.0000,58.0000,325.0000,156.0000,303.0000,156.0000
303.0000,62.0000,325.0000,62.0000,325.0000,162.0000,303.0000,162.0000
303.0000,60.0000,326.0000,60.0000,326.0000,161.0000,303.0000,161.0000
303.0000,57.0000,327.0000,57.0000,327.0000,161.0000,303.0000,161.0000
303.0000,55.0000,326.0000,55.0000,326.0000,159.0000,303.0000,159.0000
303.0000,52.0000,325.0000,52.0000,325.0000,154.0000,303.0000,154.0000
300.6842,56.3932,324.9954,55.8074,327.4323,156.9414,303.1212,157.5272
301.1636,51.2875,324.9847,50.9422,326.4345,150.9792,302.6134,151.3244
300.0000,52.0000,324.0000,52.0000,324.0000,151.0000,300.0000,151.0000
300.0000,52.0000,325.0000,52.0000,325.0000,149.0000,300.0000,149.0000
300.0000,60.0000,324.0000,60.0000,324.0000,156.0000,300.0000,156.0000
303.0000,68.0000,325.0000,68.0000,325.0000,164.0000,303.0000,164.0000
303.0000,63.0000,325.0000,63.0000,325.0000,161.0000,303.0000,161.0000
301.9875,155.7740,303.5691,57.7189,325.5150,58.0728,323.9335,156.1280
301.1188,159.7988,302.5693,59.7184,325.4340,60.0498,323.9836,160.1302
303.0000,62.0000,325.0000,62.0000,325.0000,164.0000,303.0000,164.0000
302.0000,62.0000,325.0000,62.0000,325.0000,167.0000,302.0000,167.0000
304.0000,62.0000,325.0000,62.0000,325.0000,166.0000,304.0000,166.0000
300.4178,58.1863,323.9879,57.9215,325.1569,161.9645,301.5868,162.2294
300.0000,54.0000,325.0000,54.0000,325.0000,157.0000,300.0000,157.0000
298.0000,57.0000,324.0000,57.0000,324.0000,157.0000,298.0000,157.0000
297.0763,153.6505,298.8142,54.5932,324.6483,55.0465,322.9105,154.1037
296.1301,163.7624,297.5401,63.6555,324.3939,64.0337,322.9839,164.1406
296.2213,166.4771,299.1953,65.3587,326.9361,66.1746,323.9620,167.2930
297.0000,63.0000,324.0000,63.0000,324.0000,165.0000,297.0000,165.0000
298.0000,64.0000,324.0000,64.0000,324.0000,172.0000,298.0000,172.0000
297.3948,67.1620,323.9744,66.8456,325.3095,178.9963,298.7299,179.3127
300.5683,67.1003,324.9410,66.8660,326.0671,183.9801,301.6944,184.2145
296.0000,66.0000,324.0000,66.0000,324.0000,187.0000,296.0000,187.0000
296.9656,60.2807,323.6749,59.7465,326.1591,183.9568,299.4498,184.4910
296.0000,56.0000,325.0000,56.0000,325.0000,177.0000,296.0000,177.0000
297.0000,55.0000,325.0000,55.0000,325.0000,164.0000,297.0000,164.0000
296.0000,56.0000,326.0000,56.0000,326.0000,163.0000,296.0000,163.0000
291.7154,162.3769,293.9041,59.5086,326.6552,60.2054,324.4666,163.0737
292.0000,64.0000,327.0000,64.0000,327.0000,171.0000,292.0000,171.0000
293.0000,63.0000,327.0000,63.0000,327.0000,172.0000,293.0000,172.0000
290.0000,174.0000,290.0000,62.0000,326.0000,62.0000,326.0000,174.0000
290.0000,62.0000,326.0000,62.0000,326.0000,174.0000,290.0000,174.0000
291.0000,64.0000,326.0000,64.0000,326.0000,180.0000,291.0000,180.0000
289.0000,65.0000,324.0000,65.0000,324.0000,185.0000,289.0000,185.0000
289.0000,63.0000,325.0000,63.0000,325.0000,185.0000,289.0000,185.0000
284.0000,61.0000,323.0000,61.0000,323.0000,188.0000,284.0000,188.0000
282.0000,57.0000,323.0000,57.0000,323.0000,183.0000,282.0000,183.0000
284.0000,58.0000,325.0000,58.0000,325.0000,183.0000,284.0000,183.0000
284.0000,59.0000,324.0000,59.0000,324.0000,183.0000,284.0000,183.0000
284.0000,65.0000,324.0000,65.0000,324.0000,191.0000,284.0000,191.0000
281.0000,67.0000,323.0000,67.0000,323.0000,195.0000,281.0000,195.0000
278.0000,63.0000,322.0000,63.0000,322.0000,192.0000,278.0000,192.0000
273.0000,60.0000,320.0000,60.0000,320.0000,185.0000,273.0000,185.0000
270.0000,60.0000,319.0000,60.0000,319.0000,184.0000,270.0000,184.0000
267.0000,62.0000,319.0000,62.0000,319.0000,184.0000,267.0000,184.0000
266.0000,67.0000,318.0000,67.0000,318.0000,190.0000,266.0000,190.0000
267.0000,67.0000,320.0000,67.0000,320.0000,192.0000,267.0000,192.0000
267.0000,68.0000,320.0000,68.0000,320.0000,197.0000,267.0000,197.0000
259.9231,68.6154,312.6154,58.0769,337.6154,183.0769,284.9231,193.6154
266.0000,62.0000,321.0000,62.0000,321.0000,190.0000,266.0000,190.0000
264.0000,63.0000,320.0000,63.0000,320.0000,192.0000,264.0000,192.0000
266.0000,65.0000,322.0000,65.0000,322.0000,196.0000,266.0000,196.0000
264.0000,65.0000,321.0000,65.0000,321.0000,198.0000,264.0000,198.0000
243.1974,185.5287,281.5095,55.2675,335.5955,71.1751,297.2834,201.4363
239.4000,178.8000,281.4000,52.8000,335.4000,70.8000,293.4000,196.8000
236.1245,169.9955,282.0517,51.0024,336.9751,72.2009,291.0479,191.1940
260.0000,59.0000,318.0000,59.0000,318.0000,188.0000,260.0000,188.0000
240.0360,71.9295,302.3383,51.7729,338.7321,164.2631,276.4299,184.4197
251.2388,66.9090,312.7156,55.4715,334.3947,171.9963,272.9179,183.4339
255.0185,71.7061,312.7845,61.6306,334.3485,185.2648,276.5826,195.3403
255.9310,66.8276,311.8904,59.1968,329.4949,188.2962,273.5355,195.9270
260.0000,62.0000,315.0000,62.0000,315.0000,190.0000,260.0000,190.0000
263.0000,64.0000,314.0000,64.0000,314.0000,195.0000,263.0000,195.0000
262.0000,66.0000,313.0000,66.0000,313.0000,202.0000,262.0000,202.0000
263.0000,68.0000,314.0000,68.0000,314.0000,205.0000,263.0000,205.0000
260.0000,63.0000,312.0000,63.0000,312.0000,199.0000,260.0000,199.0000
260.0000,60.0000,315.0000,60.0000,315.0000,196.0000,260.0000,196.0000
256.0000,58.0000,315.0000,58.0000,315.0000,191.0000,256.0000,191.0000
252.0000,60.0000,314.0000,60.0000,314.0000,192.0000,252.0000,192.0000
253.0000,56.0000,318.0000,56.0000,318.0000,185.0000,253.0000,185.0000
257.0000,60.0000,322.0000,60.0000,322.0000,190.0000,257.0000,190.0000
251.0000,63.0000,316.0000,63.0000,316.0000,195.0000,251.0000,195.0000
242.2167,68.2185,306.1393,55.7119,332.2134,188.9800,268.2909,201.4866
249.0000,58.0000,313.0000,58.0000,313.0000,197.0000,249.0000,197.0000
253.0000,58.0000,311.0000,58.0000,311.0000,199.0000,253.0000,199.0000
254.0000,62.0000,310.0000,62.0000,310.0000,205.0000,254.0000,205.0000
254.0000,66.0000,312.0000,66.0000,312.0000,210.0000,254.0000,210.0000
254.0000,67.0000,312.0000,67.0000,312.0000,210.0000,254.0000,210.0000
254.0000,64.0000,313.0000,64.0000,313.0000,208.0000,254.0000,208.0000
253.0000,57.0000,315.0000,57.0000,315.0000,200.0000,253.0000,200.0000
251.0000,57.0000,314.0000,57.0000,314.0000,199.0000,251.0000,199.0000
248.0000,60.0000,312.0000,60.0000,312.0000,204.0000,248.0000,204.0000
240.8235,70.2941,303.1765,54.7059,337.9412,193.7647,275.5882,209.3529
253.0000,61.0000,316.0000,61.0000,316.0000,207.0000,253.0000,207.0000
254.0000,60.0000,317.0000,60.0000,317.0000,209.0000,254.0000,209.0000
243.0475,64.6459,306.5406,50.7568,338.0504,194.8015,274.5573,208.6906
253.0000,57.0000,315.0000,57.0000,315.0000,204.0000,253.0000,204.0000
259.0000,59.0000,316.0000,59.0000,316.0000,208.0000,259.0000,208.0000
259.0000,63.0000,317.0000,63.0000,317.0000,214.0000,259.0000,214.0000
238.1660,203.5237,271.2273,58.8805,328.8727,72.0566,295.8115,216.6998
260.0000,64.0000,320.0000,64.0000,320.0000,214.0000,260.0000,214.0000
260.0000,210.0000,260.0000,60.0000,321.0000,60.0000,321.0000,210.0000
229.8566,192.3159,274.6779,51.8759,334.7506,71.0481,289.9294,211.4881
237.8000,198.4000,270.6941,50.3765,331.7882,63.9529,298.8941,211.9765
260.0000,58.0000,324.0000,58.0000,324.0000,212.0000,260.0000,212.0000
260.0000,62.0000,325.0000,62.0000,325.0000,213.0000,260.0000,213.0000
262.0000,62.0000,327.0000,62.0000,327.0000,213.0000,262.0000,213.0000
260.0000,62.0000,327.0000,62.0000,327.0000,212.0000,260.0000,212.0000
262.0000,59.0000,327.0000,59.0000,327.0000,210.0000,262.0000,210.0000
269.0000,58.0000,329.0000,58.0000,329.0000,211.0000,269.0000,211.0000
271.0000,61.0000,330.0000,61.0000,330.0000,217.0000,271.0000,217.0000
272.0000,63.0000,332.0000,63.0000,332.0000,220.0000,272.0000,220.0000
272.0000,62.0000,332.0000,62.0000,332.0000,218.0000,272.0000,218.0000
271.0000,61.0000,333.0000,61.0000,333.0000,218.0000,271.0000,218.0000
272.0000,56.0000,335.0000,56.0000,335.0000,211.0000,272.0000,211.0000
272.0000,57.0000,335.0000,57.0000,335.0000,210.0000,272.0000,210.0000
272.0000,211.0000,272.0000,60.0000,335.0000,60.0000,335.0000,211.0000
277.0000,62.0000,337.0000,62.0000,337.0000,212.0000,277.0000,212.0000
276.0000,64.0000,338.0000,64.0000,338.0000,213.0000,276.0000,213.0000
277.0000,62.0000,338.0000,62.0000,338.0000,216.0000,277.0000,216.0000
277.0000,58.0000,337.0000,58.0000,337.0000,213.0000,277.0000,213.0000
279.0000,55.0000,339.0000,55.0000,339.0000,212.0000,279.0000,212.0000
286.0000,56.0000,341.0000,56.0000,341.0000,215.0000,286.0000,215.0000
288.0000,59.0000,342.0000,59.0000,342.0000,220.0000,288.0000,220.0000
289.0000,59.0000,344.0000,59.0000,344.0000,220.0000,289.0000,220.0000
285.0000,56.0000,344.0000,56.0000,344.0000,217.0000,285.0000,217.0000
284.0000,57.0000,345.0000,57.0000,345.0000,220.0000,284.0000,220.0000
286.0000,50.0000,349.0000,50.0000,349.0000,209.0000,286.0000,209.0000
284.0000,51.0000,349.0000,51.0000,349.0000,207.0000,284.0000,207.0000
279.2845,206.5939,287.4641,51.1823,351.9696,54.5773,343.7900,209.9890
288.0000,56.0000,350.0000,56.0000,350.0000,210.0000,288.0000,210.0000
288.0000,58.0000,348.0000,58.0000,348.0000,215.0000,288.0000,215.0000
289.0000,55.0000,349.0000,55.0000,349.0000,218.0000,289.0000,218.0000
287.0000,54.0000,347.0000,54.0000,347.0000,218.0000,287.0000,218.0000
292.0000,51.0000,351.0000,51.0000,351.0000,217.0000,292.0000,217.0000
297.0000,51.0000,353.0000,51.0000,353.0000,216.0000,297.0000,216.0000
296.0000,53.0000,353.0000,53.0000,353.0000,216.0000,296.0000,216.0000
293.0000,56.0000,352.0000,56.0000,352.0000,219.0000,293.0000,219.0000
293.0000,222.0000,293.0000,58.0000,354.0000,58.0000,354.0000,222.0000
290.0000,55.0000,353.0000,55.0000,353.0000,221.0000,290.0000,221.0000
285.1404,211.6308,291.8579,50.4107,358.5338,53.1889,351.8163,214.4090
290.0000,54.0000,355.0000,54.0000,355.0000,216.0000,290.0000,216.0000
290.0000,54.0000,354.0000,54.0000,354.0000,216.0000,290.0000,216.0000
295.0000,55.0000,356.0000,55.0000,356.0000,218.0000,295.0000,218.0000
292.0000,53.0000,352.0000,53.0000,352.0000,221.0000,292.0000,221.0000
288.0000,52.0000,348.0000,52.0000,348.0000,224.0000,288.0000,224.0000
286.0000,50.0000,346.0000,50.0000,346.0000,222.0000,286.0000,222.0000
293.0000,47.0000,351.0000,47.0000,351.0000,221.0000,293.0000,221.0000
295.0000,47.0000,352.0000,47.0000,352.0000,219.0000,295.0000,219.0000
297.0000,50.0000,354.0000,50.0000,354.0000,219.0000,297.0000,219.0000
290.0000,55.0000,350.0000,55.0000,350.0000,223.0000,290.0000,223.0000
285.0000,55.0000,348.0000,55.0000,348.0000,224.0000,285.0000,224.0000
284.0000,52.0000,348.0000,52.0000,348.0000,223.0000,284.0000,223.0000
283.0000,222.0000,283.0000,49.0000,348.0000,49.0000,348.0000,222.0000
281.0000,45.0000,347.0000,45.0000,347.0000,216.0000,281.0000,216.0000
285.0000,218.0000,285.0000,49.0000,352.0000,49.0000,352.0000,218.0000
289.0000,51.0000,355.0000,51.0000,355.0000,220.0000,289.0000,220.0000
286.0000,53.0000,347.0000,53.0000,347.0000,227.0000,286.0000,227.0000
283.0000,48.0000,345.0000,48.0000,345.0000,225.0000,283.0000,225.0000
284.0000,49.0000,347.0000,49.0000,347.0000,226.0000,284.0000,226.0000
290.0000,44.0000,351.0000,44.0000,351.0000,221.0000,290.0000,221.0000
294.0000,49.0000,355.0000,49.0000,355.0000,223.0000,294.0000,223.0000
294.0000,48.0000,357.0000,48.0000,357.0000,222.0000,294.0000,222.0000
288.0000,52.0000,353.0000,52.0000,353.0000,227.0000,288.0000,227.0000
284.0000,50.0000,352.0000,50.0000,352.0000,227.0000,284.0000,227.0000
285.0000,45.0000,354.0000,45.0000,354.0000,224.0000,285.0000,224.0000
285.0000,220.0000,285.0000,41.0000,354.0000,41.0000,354.0000,220.0000
285.0000,42.0000,358.0000,42.0000,358.0000,220.0000,285.0000,220.0000
287.0000,46.0000,360.0000,46.0000,360.0000,224.0000,287.0000,224.0000
286.0000,50.0000,361.0000,50.0000,361.0000,225.0000,286.0000,225.0000
281.0000,50.0000,357.0000,50.0000,357.0000,227.0000,281.0000,227.0000
283.0000,48.0000,356.0000,48.0000,356.0000,228.0000,283.0000,228.0000
287.0000,43.0000,360.0000,43.0000,360.0000,228.0000,287.0000,228.0000
290.0000,43.0000,362.0000,43.0000,362.0000,227.0000,290.0000,227.0000
292.0000,47.0000,363.0000,47.0000,363.0000,229.0000,292.0000,229.0000
290.0000,47.0000,364.0000,47.0000,364.0000,227.0000,290.0000,227.0000
284.0000,52.0000,360.0000,52.0000,360.0000,231.0000,284.0000,231.0000
283.0000,48.0000,363.0000,48.0000,363.0000,227.0000,283.0000,227.0000
283.0000,46.0000,365.0000,46.0000,365.0000,225.0000,283.0000,225.0000
282.0000,40.0000,363.0000,40.0000,363.0000,219.0000,282.0000,219.0000
284.0000,223.0000,284.0000,43.0000,367.0000,43.0000,367.0000,223.0000
284.0000,46.0000,370.0000,46.0000,370.0000,222.0000,284.0000,222.0000
284.0000,48.0000,370.0000,48.0000,370.0000,225.0000,284.0000,225.0000
280.0000,47.0000,367.0000,47.0000,367.0000,227.0000,280.0000,227.0000
282.0000,41.0000,369.0000,41.0000,369.0000,222.0000,282.0000,222.0000
287.0000,45.0000,374.0000,45.0000,374.0000,228.0000,287.0000,228.0000
297.0000,226.0000,297.0000,39.0000,376.0000,39.0000,376.0000,226.0000
295.0000,46.0000,374.0000,46.0000,374.0000,232.0000,295.0000,232.0000
295.0000,47.0000,376.0000,47.0000,376.0000,230.0000,295.0000,230.0000
291.0000,232.0000,291.0000,50.0000,374.0000,50.0000,374.0000,232.0000
296.0000,49.0000,381.0000,49.0000,381.0000,231.0000,296.0000,231.0000
297.0000,47.0000,384.0000,47.0000,384.0000,228.0000,297.0000,228.0000
298.0000,44.0000,383.0000,44.0000,383.0000,228.0000,298.0000,228.0000
291.6615,226.0923,301.9877,40.2215,388.0000,45.0000,377.6739,230.8708
298.0000,48.0000,387.0000,48.0000,387.0000,232.0000,298.0000,232.0000
300.0000,49.0000,389.0000,49.0000,389.0000,232.0000,300.0000,232.0000
303.0000,47.0000,392.0000,47.0000,392.0000,233.0000,303.0000,233.0000
302.0000,46.0000,392.0000,46.0000,392.0000,233.0000,302.0000,233.0000
306.0000,48.0000,397.0000,48.0000,397.0000,236.0000,306.0000,236.0000
312.0000,43.0000,400.0000,43.0000,400.0000,233.0000,312.0000,233.0000
317.0000,45.0000,403.0000,45.0000,403.0000,234.0000,317.0000,234.0000
308.0000,49.0000,399.0000,49.0000,399.0000,233.0000,308.0000,233.0000
303.0000,51.0000,397.0000,51.0000,397.0000,234.0000,303.0000,234.0000
303.0000,51.0000,397.0000,51.0000,397.0000,233.0000,303.0000,233.0000
301.0000,54.0000,396.0000,54.0000,396.0000,235.0000,301.0000,235.0000
306.0000,51.0000,399.0000,51.0000,399.0000,231.0000,306.0000,231.0000
306.0000,45.0000,396.0000,45.0000,396.0000,225.0000,306.0000,225.0000
298.0000,47.0000,390.0000,47.0000,390.0000,223.0000,298.0000,223.0000
302.0000,51.0000,392.0000,51.0000,392.0000,229.0000,302.0000,229.0000
310.0000,230.0000,310.0000,54.0000,398.0000,54.0000,398.0000,230.0000
296.0000,50.0000,384.0000,50.0000,384.0000,229.0000,296.0000,229.0000
304.0000,230.0000,304.0000,71.0000,390.0000,71.0000,390.0000,230.0000
301.5051,224.2205,320.5342,41.2476,394.6130,48.9518,375.5838,231.9247
301.0000,49.0000,385.0000,49.0000,385.0000,228.0000,301.0000,228.0000
295.0000,46.0000,381.0000,46.0000,381.0000,223.0000,295.0000,223.0000
293.0000,48.0000,383.0000,48.0000,383.0000,221.0000,293.0000,221.0000
294.0000,229.0000,294.0000,61.0000,382.0000,61.0000,382.0000,229.0000
287.0000,73.0000,378.0000,73.0000,378.0000,229.0000,287.0000,229.0000
294.8653,218.8205,305.6008,53.7626,384.9076,58.9208,374.1721,223.9787
277.0151,219.9540,288.6184,55.5731,375.9714,61.7392,364.3680,226.1201
297.0000,66.0000,383.0000,66.0000,383.0000,227.0000,297.0000,227.0000
288.0939,223.8876,289.8085,57.5754,370.6349,58.4086,368.9204,224.7208
283.7531,62.1664,364.5689,56.1801,376.7026,219.9850,295.8867,225.9713
256.9693,204.4388,305.0581,39.2109,360.3519,55.3039,312.2632,220.5318
252.1737,190.1777,316.1588,30.9952,367.2896,51.5478,303.3045,210.7302
252.3490,196.2541,310.5911,35.6948,363.8567,55.0166,305.6146,215.5759
261.8585,212.9188,292.7304,59.9017,353.4264,72.1474,322.5545,225.1645
254.5082,211.3134,308.0355,49.1573,363.6546,67.5170,310.1274,229.6731
284.0000,57.0000,356.0000,57.0000,356.0000,221.0000,284.0000,221.0000
277.9932,71.7144,361.6601,69.7224,365.1898,217.9716,281.5229,219.9637
258.8795,185.5553,313.2948,39.0524,372.3981,61.0050,317.9828,207.5079
257.0198,188.5541,309.0616,49.1563,356.0931,66.7148,304.0513,206.1125
266.0266,212.2521,290.4409,56.7717,345.1255,65.3586,320.7112,220.8390
338.0000,72.0000,412.0000,72.0000,412.0000,232.0000,338.0000,232.0000
257.0702,213.0647,304.8455,47.6887,354.8911,62.1463,307.1158,227.5224
261.6173,206.0628,298.2272,40.6404,349.8386,52.0627,313.2288,217.4850
263.4514,192.2912,302.5610,28.9512,353.9527,41.2563,314.8431,204.5963
257.3891,190.2299,302.0670,27.1553,353.8130,41.3323,309.1351,204.4068
256.0774,178.0563,305.2145,23.2744,356.1307,39.4383,306.9936,194.2202
253.7651,190.3577,302.0989,30.0933,351.9605,45.1310,303.6268,205.3954
259.3765,73.8941,325.9059,68.7765,338.6530,234.4882,272.1235,239.6059
261.0573,225.4064,285.5995,56.8834,338.3640,64.5676,313.8218,233.0905
327.6488,70.2710,392.5905,61.2513,415.3990,225.4724,350.4572,234.4921
320.0000,70.0000,390.0000,70.0000,390.0000,230.0000,320.0000,230.0000
270.1477,34.5815,331.5400,5.2200,389.3492,126.0938,327.9569,155.4554
320.0000,75.0000,396.0000,75.0000,396.0000,227.0000,320.0000,227.0000
307.8438,86.8388,377.1914,64.9395,425.6448,218.3753,356.2972,240.2746
334.1315,88.5444,380.0616,74.6105,426.4174,227.4128,380.4872,241.3466
339.0000,129.0000,403.0000,129.0000,403.0000,233.0000,339.0000,233.0000
244.9057,181.8302,288.1510,30.4717,341.9057,45.8302,298.6604,197.1887
241.9604,176.4704,285.8098,24.8245,342.7590,41.2918,298.9096,192.9377
222.0870,166.3874,286.0214,40.3989,341.9596,68.7855,278.0251,194.7740
219.5255,165.9146,274.1393,69.9716,321.9887,97.2090,267.3750,193.1519
196.0755,207.7359,234.9434,71.6981,291.2076,87.7736,252.3396,223.8113
207.3994,226.3676,217.8447,84.3121,284.7477,89.2315,274.3024,231.2870
213.1487,231.0596,232.9019,87.1434,300.2604,96.3887,280.5071,240.3049
213.0000,78.0000,271.0000,78.0000,271.0000,226.0000,213.0000,226.0000
220.0000,61.0000,283.0000,61.0000,283.0000,208.0000,220.0000,208.0000
209.9968,73.4257,265.4284,71.0669,271.6643,217.6100,216.2327,219.9688
235.0000,104.0000,313.0000,104.0000,313.0000,239.0000,235.0000,239.0000
224.0000,104.0000,308.0000,104.0000,308.0000,237.0000,224.0000,237.0000
220.0000,107.0000,309.0000,107.0000,309.0000,235.0000,220.0000,235.0000
216.7931,111.4828,306.4828,106.2069,313.8138,230.8345,224.1241,236.1104
228.0000,109.0000,320.0000,109.0000,320.0000,232.0000,228.0000,232.0000
240.0000,110.0000,336.0000,110.0000,336.0000,234.0000,240.0000,234.0000
250.0000,113.0000,350.0000,113.0000,350.0000,233.0000,250.0000,233.0000
261.0000,110.0000,365.0000,110.0000,365.0000,234.0000,261.0000,234.0000
278.0000,113.0000,384.0000,113.0000,384.0000,235.0000,278.0000,235.0000
277.1127,102.4573,360.6622,92.6280,376.7987,229.7884,293.2492,239.6177
256.3199,107.7448,331.4251,85.0940,375.3358,230.6924,300.2305,253.3432
251.7340,111.3261,327.4509,86.4639,375.9146,234.0580,300.1977,258.9202
253.3249,114.7633,325.1502,90.0734,375.2698,235.8760,303.4445,260.5659
258.4734,101.6876,327.5852,84.0421,365.5129,232.5924,296.4012,250.2380
252.1960,104.0875,323.7699,87.1164,358.5893,233.9634,287.0154,250.9345
266.5375,109.0452,361.3128,106.1140,365.3647,237.1227,270.5893,240.0539
269.0000,234.0000,269.0000,112.0000,371.0000,112.0000,371.0000,234.0000
261.0000,231.0000,261.0000,113.0000,367.0000,113.0000,367.0000,231.0000
249.7698,221.8186,262.3580,106.7267,365.6844,118.0280,353.0963,233.1199
258.5574,230.7698,262.0697,109.5962,359.4661,112.4193,355.9539,233.5929
267.8689,110.4426,348.7617,101.7755,362.2598,227.7579,281.3670,236.4250
271.7026,111.1574,329.6906,96.2686,363.5110,227.9904,305.5230,242.8792
259.1678,118.7928,324.1920,95.9139,370.9470,228.7964,305.9229,251.6753
276.1669,111.5759,354.7420,102.6243,369.7994,234.7950,291.2243,243.7466
282.6246,110.4025,365.6152,102.3058,378.5462,234.8491,295.5556,242.9458
286.8111,110.6820,368.0382,102.2428,381.9144,235.8011,300.6873,244.2403
299.7912,105.8525,369.3209,101.6808,377.2339,233.5660,307.7043,237.7378
303.0643,108.8807,361.6747,101.4381,378.6050,234.7645,319.9946,242.2071
306.1564,112.7703,354.3274,103.6178,378.3300,229.9473,330.1590,239.0998
308.3911,114.8383,367.6206,109.2856,379.3243,234.1258,320.0949,239.6786
315.0000,116.0000,384.0000,116.0000,384.0000,237.0000,315.0000,237.0000
313.8936,116.0011,385.7578,115.2366,387.0318,234.9890,315.1676,235.7535
321.0000,113.0000,384.0000,113.0000,384.0000,234.0000,321.0000,234.0000
318.2439,114.4420,370.4783,111.0248,378.5084,233.7705,326.2740,237.1877
306.9969,121.1868,357.8291,109.3653,386.1873,231.3053,335.3550,243.1267
301.5063,121.3072,357.0559,111.1231,379.3190,232.5582,323.7695,242.7422
307.1643,123.3963,374.7310,121.8949,377.2887,236.9936,309.7221,238.4951
303.6098,122.1634,374.8733,117.8876,381.7772,232.9534,310.5138,237.2292
302.5521,125.3417,376.6511,119.9527,384.9405,233.9316,310.8415,239.3206
300.9882,127.5530,374.1706,119.9824,385.4541,229.0565,312.2718,236.6271
298.1136,130.8515,368.0699,121.5240,382.2708,228.0305,312.3144,237.3581
272.8236,145.3478,324.1684,120.0475,372.6487,218.4340,321.3039,243.7343
289.7806,124.3914,341.7104,121.9185,347.1403,235.9457,295.2104,238.4185
267.4590,136.9307,321.1229,119.9484,357.0135,233.3628,303.3497,250.3450
274.0811,133.4865,341.2162,122.2973,360.0811,235.4865,292.9459,246.6756
284.0000,132.0000,363.0000,132.0000,363.0000,238.0000,284.0000,238.0000
281.0000,130.0000,362.0000,130.0000,362.0000,235.0000,281.0000,235.0000
282.6542,130.2217,349.0629,126.8335,354.4960,233.3217,288.0872,236.7099
266.3789,137.9745,315.9030,121.9991,349.2300,225.3129,299.7059,241.2884
265.1778,138.0549,318.8871,123.8054,347.7249,232.5015,294.0156,246.7510
268.9220,137.9411,325.3124,130.0727,340.3682,237.9719,283.9777,245.8403
267.0912,139.8904,319.8171,129.1056,341.3376,234.3173,288.6118,245.1021
278.5114,140.2141,341.7653,139.2101,343.2728,234.1861,280.0189,235.1902
279.0055,142.2552,337.4471,141.0118,339.4684,236.0113,281.0267,237.2547
278.5804,136.7132,320.9537,131.3038,333.6272,230.5795,291.2539,235.9889
280.9491,138.8283,316.7509,137.2717,321.0698,236.6057,285.2679,238.1623
278.8961,144.3503,315.7715,141.4391,323.3076,236.8968,286.4322,239.8080
276.4200,143.9400,317.5800,138.0600,331.2400,233.6800,290.0800,239.5600
285.0000,144.0000,335.0000,144.0000,335.0000,236.0000,285.0000,236.0000
288.0000,145.0000,341.0000,145.0000,341.0000,234.0000,288.0000,234.0000
291.8818,232.9553,295.3354,146.6134,346.8530,148.6741,343.3994,235.0160
295.5771,152.1580,336.8102,150.6854,339.8561,235.9694,298.6230,237.4420
285.9730,158.1622,316.5251,150.6938,337.2591,235.5145,306.7069,242.9828
294.3439,156.1931,331.3491,155.4530,333.0192,238.9596,296.0140,239.6997
294.6757,156.5267,332.5936,154.7631,336.4155,236.9342,298.4976,238.6978
297.1585,158.4268,333.3781,154.4024,342.3171,234.8537,306.0976,238.8781
301.6717,158.4491,339.3396,156.8113,342.6811,233.6660,305.0132,235.3038
302.2525,160.6222,337.2588,158.3877,342.1023,234.2701,307.0960,236.5045
301.6877,163.6060,330.2026,159.8866,339.9387,234.5298,311.4238,238.2491
307.0000,238.0000,307.0000,162.0000,333.0000,162.0000,333.0000,238.0000
302.3902,164.5122,328.4024,161.6219,336.5488,234.9390,310.5366,237.8293
307.0000,163.0000,338.0000,163.0000,338.0000,236.0000,307.0000,236.0000
305.0000,164.0000,339.0000,164.0000,339.0000,235.0000,305.0000,235.0000
305.0000,167.0000,338.0000,167.0000,338.0000,235.0000,305.0000,235.0000
297.2720,170.4960,324.4640,165.5520,336.5920,232.2560,309.4000,237.2000
303.0000,168.0000,328.0000,168.0000,328.0000,237.0000,303.0000,237.0000
301.0000,169.0000,326.0000,169.0000,326.0000,236.0000,301.0000,236.0000
296.8735,233.4249,298.7520,167.6786,324.7593,168.4217,322.8809,234.1680
298.0000,169.0000,324.0000,169.0000,324.0000,232.0000,298.0000,232.0000
296.0000,170.0000,320.0000,170.0000,320.0000,232.0000,296.0000,232.0000
295.0000,170.0000,317.0000,170.0000,317.0000,232.0000,295.0000,232.0000
296.0000,172.0000,315.0000,172.0000,315.0000,231.0000,296.0000,231.0000
293.0000,174.0000,313.0000,174.0000,313.0000,230.0000,293.0000,230.0000
294.0000,173.0000,315.0000,173.0000,315.0000,228.0000,294.0000,228.0000
295.0000,175.0000,316.0000,175.0000,316.0000,227.0000,295.0000,227.0000
294.0000,174.0000,315.0000,174.0000,315.0000,226.0000,294.0000,226.0000
287.9189,221.4865,296.5135,169.9189,319.5406,173.7567,310.9460,225.3243
291.6486,220.1081,300.1351,169.1892,321.7027,172.7838,313.2162,223.7027
295.0000,171.0000,320.0000,171.0000,320.0000,221.0000,295.0000,221.0000
297.0000,172.0000,323.0000,172.0000,323.0000,220.0000,297.0000,220.0000
298.0000,171.0000,325.0000,171.0000,325.0000,219.0000,298.0000,219.0000
287.4302,209.8426,306.6233,168.5037,328.3651,178.5981,309.1721,219.9371
293.9144,217.4451,302.9515,170.4522,320.9030,173.9044,311.8659,220.8973
297.6981,217.9434,299.6698,172.5943,317.8094,173.3830,315.8378,218.7321
295.5840,215.6059,300.7124,171.1591,319.8044,173.3620,314.6759,217.8088
296.0000,171.0000,316.0000,171.0000,316.0000,215.0000,296.0000,215.0000
295.0000,171.0000,316.0000,171.0000,316.0000,213.0000,295.0000,213.0000
296.0000,171.0000,316.0000,171.0000,316.0000,213.0000,296.0000,213.0000
296.0000,169.0000,316.0000,169.0000,316.0000,211.0000,296.0000,211.0000
296.0000,169.0000,316.0000,169.0000,316.0000,209.0000,296.0000,209.0000
292.6294,171.9779,310.0871,163.5982,326.5969,197.9935,309.1391,206.3732
296.0000,167.0000,317.0000,167.0000,317.0000,205.0000,296.0000,205.0000
296.0000,167.0000,316.0000,167.0000,316.0000,204.0000,296.0000,204.0000
295.0000,167.0000,316.0000,167.0000,316.0000,203.0000,295.0000,203.0000
295.0000,201.0000,295.0000,166.0000,315.0000,166.0000,315.0000,201.0000
295.0000,167.0000,313.0000,167.0000,313.0000,203.0000,295.0000,203.0000
292.5328,165.8607,309.8442,164.2869,313.1229,200.3525,295.8115,201.9262
293.0000,165.0000,311.0000,165.0000,311.0000,199.0000,293.0000,199.0000
292.0000,166.0000,310.0000,166.0000,310.0000,199.0000,292.0000,199.0000
291.0000,166.0000,308.0000,166.0000,308.0000,199.0000,291.0000,199.0000
289.0000,166.0000,306.0000,166.0000,306.0000,199.0000,289.0000,199.0000
286.7310,166.2335,301.2285,165.1980,303.6295,198.8122,289.1320,199.8477
284.0616,167.4923,298.3385,165.7077,302.5539,199.4308,288.2770,201.2154
286.0000,166.0000,299.0000,166.0000,299.0000,200.0000,286.0000,200.0000
284.0000,165.0000,297.0000,165.0000,297.0000,199.0000,284.0000,199.0000
281.0000,198.0000,281.0000,164.0000,295.0000,164.0000,295.0000,198.0000
280.3824,165.0294,293.5430,164.4027,295.1901,198.9910,282.0294,199.6177
275.5644,164.3616,288.8383,162.9644,292.5096,197.8411,279.2356,199.2384
275.0000,164.0000,289.0000,164.0000,289.0000,199.0000,275.0000,199.0000
274.0000,164.0000,287.0000,164.0000,287.0000,199.0000,274.0000,199.0000
272.0000,164.0000,285.0000,164.0000,285.0000,199.0000,272.0000,199.0000
268.8108,165.8649,280.3243,163.9460,286.2162,199.2973,274.7027,201.2162
270.0000,164.0000,281.0000,164.0000,281.0000,198.0000,270.0000,198.0000
266.6640,164.3033,277.3935,163.3279,280.6230,198.8525,269.8935,199.8279
261.6154,165.0769,273.5385,162.6923,280.5769,197.8846,268.6538,200.2693
263.2544,164.0873,275.6234,163.4688,277.3791,198.5811,265.0100,199.1995
258.6594,165.4454,271.4979,163.7336,276.2053,199.0393,263.3668,200.7511
257.5588,165.2647,271.0941,164.2235,273.8118,199.5529,260.2765,200.5941
257.0000,167.0000,271.0000,167.0000,271.0000,201.0000,257.0000,201.0000
256.0000,166.0000,270.0000,166.0000,270.0000,200.0000,256.0000,200.0000
253.2569,166.1372,267.3716,165.4314,269.0973,199.9451,254.9826,200.6509
250.0235,166.3059,264.9353,165.1588,267.6118,199.9529,252.7000,201.1000
245.7170,168.5094,259.5849,164.5472,269.3585,198.7547,255.4905,202.7170
242.6000,167.8000,255.8000,163.4000,266.9000,196.7000,253.7000,201.1000
241.1000,167.3000,254.9000,162.7000,265.5000,194.5000,251.7000,199.1000
243.0000,166.0000,257.0000,166.0000,257.0000,196.0000,243.0000,196.0000
242.0000,165.0000,255.0000,165.0000,255.0000,197.0000,242.0000,197.0000
241.0000,166.0000,254.0000,166.0000,254.0000,198.0000,241.0000,198.0000
234.9730,167.8378,246.9730,165.8378,252.4595,198.7567,240.4595,200.7567
233.9385,166.5077,248.2154,164.7231,252.4769,198.8154,238.2000,200.6000
235.0000,166.0000,250.0000,166.0000,250.0000,199.0000,235.0000,199.0000
229.6923,166.5385,243.2308,164.8461,247.2462,196.9692,233.7077,198.6615
229.0000,166.0000,242.0000,166.0000,242.0000,198.0000,229.0000,198.0000
227.0000,166.0000,240.0000,166.0000,240.0000,198.0000,227.0000,198.0000
225.0000,167.0000,238.0000,167.0000,238.0000,199.0000,225.0000,199.0000
223.0000,167.0000,236.0000,167.0000,236.0000,199.0000,223.0000,199.0000
221.0000,166.0000,234.0000,166.0000,234.0000,198.0000,221.0000,198.0000
216.5706,167.4176,230.3353,166.3588,232.8118,198.5529,219.0470,199.6118
216.0000,167.0000,229.0000,167.0000,229.0000,199.0000,216.0000,199.0000
214.0000,169.0000,226.0000,169.0000,226.0000,200.0000,214.0000,200.0000
210.5432,169.6041,222.4112,168.7563,224.6345,199.8832,212.7665,200.7310
209.0000,169.0000,221.0000,169.0000,221.0000,199.0000,209.0000,199.0000
207.0000,169.0000,219.0000,169.0000,219.0000,198.0000,207.0000,198.0000
206.0000,169.0000,218.0000,169.0000,218.0000,197.0000,206.0000,197.0000
204.0000,170.0000,217.0000,170.0000,217.0000,197.0000,204.0000,197.0000
201.0000,170.0000,214.0000,170.0000,214.0000,197.0000,201.0000,197.0000
200.0000,171.0000,212.0000,171.0000,212.0000,197.0000,200.0000,197.0000
194.6621,171.6280,206.3242,170.2560,209.3822,196.2491,197.7201,197.6211
195.0000,170.0000,206.0000,170.0000,206.0000,197.0000,195.0000,197.0000
193.0000,198.0000,193.0000,170.0000,205.0000,170.0000,205.0000,198.0000
191.0000,169.0000,203.0000,169.0000,203.0000,196.0000,191.0000,196.0000
189.0000,169.0000,202.0000,169.0000,202.0000,197.0000,189.0000,197.0000
188.0000,169.0000,202.0000,169.0000,202.0000,198.0000,188.0000,198.0000
186.0000,170.0000,200.0000,170.0000,200.0000,198.0000,186.0000,198.0000
184.0000,170.0000,198.0000,170.0000,198.0000,198.0000,184.0000,198.0000
182.0000,169.0000,196.0000,169.0000,196.0000,198.0000,182.0000,198.0000
181.0000,169.0000,193.0000,169.0000,193.0000,198.0000,181.0000,198.0000
179.0000,169.0000,191.0000,169.0000,191.0000,197.0000,179.0000,197.0000
178.0000,170.0000,189.0000,170.0000,189.0000,198.0000,178.0000,198.0000
177.0000,170.0000,189.0000,170.0000,189.0000,198.0000,177.0000,198.0000
174.4708,170.4739,186.8769,169.7846,188.3877,196.9785,175.9815,197.6677
172.2220,171.6082,185.7041,170.1891,188.5206,196.9452,175.0384,198.3644
171.9756,170.7805,185.5854,169.2683,188.5610,196.0488,174.9512,197.5610
170.4631,170.4086,184.7199,169.5175,186.4125,196.5992,172.1557,197.4903
170.0000,170.0000,184.0000,170.0000,184.0000,197.0000,170.0000,197.0000
169.0000,169.0000,182.0000,169.0000,182.0000,197.0000,169.0000,197.0000
169.0000,168.0000,181.0000,168.0000,181.0000,197.0000,169.0000,197.0000
171.0000,169.0000,181.0000,169.0000,181.0000,198.0000,171.0000,198.0000
170.0000,169.0000,180.0000,169.0000,180.0000,198.0000,170.0000,198.0000
170.0000,169.0000,180.0000,169.0000,180.0000,198.0000,170.0000,198.0000
169.0000,170.0000,178.0000,170.0000,178.0000,198.0000,169.0000,198.0000
166.5345,197.9138,168.1931,169.7172,178.8035,170.3414,177.1448,198.5379
167.0000,170.0000,178.0000,170.0000,178.0000,198.0000,167.0000,198.0000
164.6677,197.9816,166.1846,170.6769,177.5385,171.3077,176.0215,198.6123
164.4691,196.9646,166.2921,169.6195,177.7080,170.3806,175.8850,197.7257
163.5034,197.9586,165.8759,169.4897,178.7862,170.5655,176.4138,199.0345
162.8923,197.8615,166.4615,169.3077,179.1385,170.8923,175.5692,199.4462
160.7765,196.5059,167.1294,167.9176,179.8353,170.7412,173.4823,199.3294
160.6557,196.2131,167.3705,167.6754,180.6918,170.8098,173.9771,199.3475
159.4340,195.9811,167.7736,166.7924,180.4528,170.4151,172.1132,199.6038
161.8462,197.7692,167.8077,167.9615,180.6923,170.5385,174.7308,200.3462
162.2140,197.8952,166.3188,167.1092,179.4847,168.8646,175.3799,199.6507
163.3537,197.8171,166.7439,167.3049,181.0122,168.8902,177.6219,199.4024
164.7231,197.9846,166.3539,168.6308,180.5323,169.4185,178.9016,198.7723
164.9151,197.9528,166.2302,167.7057,179.4660,168.2811,178.1509,198.5283
166.0000,168.0000,179.0000,168.0000,179.0000,199.0000,166.0000,199.0000
166.0000,168.0000,179.0000,168.0000,179.0000,199.0000,166.0000,199.0000
166.8752,198.9948,168.1768,167.7574,180.4055,168.2669,179.1040,199.5043
168.0000,169.0000,180.0000,169.0000,180.0000,199.0000,168.0000,199.0000
168.0000,168.0000,180.0000,168.0000,180.0000,199.0000,168.0000,199.0000
168.0000,169.0000,180.0000,169.0000,180.0000,199.0000,168.0000,199.0000
168.0000,199.0000,168.0000,168.0000,180.0000,168.0000,180.0000,199.0000
167.8717,198.9509,169.2283,167.7490,180.5547,168.2415,179.1981,199.4434
169.0000,167.0000,181.0000,167.0000,181.0000,198.0000,169.0000,198.0000
168.0000,167.0000,180.0000,167.0000,180.0000,199.0000,168.0000,199.0000
169.0000,167.0000,181.0000,167.0000,181.0000,199.0000,169.0000,199.0000
168.0000,167.0000,180.0000,167.0000,180.0000,198.0000,168.0000,198.0000
168.0000,168.0000,180.0000,168.0000,180.0000,199.0000,168.0000,199.0000
168.0000,168.0000,180.0000,168.0000,180.0000,199.0000,168.0000,199.0000
167.0000,167.0000,180.0000,167.0000,180.0000,199.0000,167.0000,199.0000
168.0000,168.0000,180.0000,168.0000,180.0000,199.0000,168.0000,199.0000
168.0000,167.0000,180.0000,167.0000,180.0000,198.0000,168.0000,198.0000
168.0000,167.0000,180.0000,167.0000,180.0000,198.0000,168.0000,198.0000
168.0000,167.0000,181.0000,167.0000,181.0000,198.0000,168.0000,198.0000
166.8717,198.9509,168.1415,169.7453,180.5094,170.2830,179.2396,199.4887
168.0000,168.0000,180.0000,168.0000,180.0000,198.0000,168.0000,198.0000
168.0000,168.0000,181.0000,168.0000,181.0000,198.0000,168.0000,198.0000
168.0000,168.0000,180.0000,168.0000,180.0000,198.0000,168.0000,198.0000
168.0000,198.0000,168.0000,168.0000,180.0000,168.0000,180.0000,198.0000
166.4397,197.9650,168.3346,167.6459,180.7860,168.4241,178.8911,198.7432
166.0154,197.8769,169.5846,169.3231,182.1385,170.8923,178.5692,199.4462
165.5310,197.9724,167.2035,169.5414,180.5690,170.3276,178.8965,198.7586
166.0000,171.0000,181.0000,171.0000,181.0000,198.0000,166.0000,198.0000
164.6887,197.9806,166.4163,170.3385,181.6070,171.2879,179.8794,198.9300
164.6177,197.9706,166.7529,170.2118,180.9000,171.3000,178.7647,199.0588
164.6941,197.9765,166.7647,171.0588,181.7529,172.2118,179.6823,199.1294
166.5862,197.9655,168.9104,170.0759,183.0621,171.2552,180.7380,199.1448
169.0000,172.0000,183.0000,172.0000,183.0000,198.0000,169.0000,198.0000
169.6769,197.5847,173.0462,170.6308,186.0923,172.2616,182.7231,199.2154
171.8800,197.8400,175.7400,170.8200,186.8000,172.4000,182.9400,199.4200
172.6690,197.9724,174.8897,171.3241,187.0552,172.3379,184.8345,198.9862
173.2960,196.8720,178.0160,170.9120,190.3360,173.1520,185.6160,199.1120
174.1400,197.0200,177.9400,170.4200,190.9600,172.2800,187.1600,198.8800
176.0270,196.8378,180.3513,170.8919,192.1892,172.8649,187.8649,198.8108
180.0000,173.0000,194.0000,173.0000,194.0000,197.0000,180.0000,197.0000
182.0000,174.0000,196.0000,174.0000,196.0000,198.0000,182.0000,198.0000
183.0000,173.0000,198.0000,173.0000,198.0000,197.0000,183.0000,197.0000
184.0000,173.0000,199.0000,173.0000,199.0000,198.0000,184.0000,198.0000
185.0000,172.0000,199.0000,172.0000,199.0000,198.0000,185.0000,198.0000
185.7510,195.9844,187.3580,170.2724,200.6187,171.1012,199.0117,196.8132
188.6903,196.6460,190.4469,170.2965,203.5885,171.1726,201.8319,197.5221
192.0000,171.0000,204.0000,171.0000,204.0000,199.0000,192.0000,199.0000
195.0000,171.0000,206.0000,171.0000,206.0000,199.0000,195.0000,199.0000
194.7679,197.9727,198.0512,170.0649,209.3072,171.3891,206.0239,199.2969
196.0000,198.0000,196.0000,170.0000,208.0000,170.0000,208.0000,198.0000
196.6682,196.9779,198.5797,168.3054,211.7213,169.1815,209.8098,197.8540
199.0540,196.6757,203.7838,168.2973,217.2433,170.5405,212.5135,198.9189
203.4941,196.5765,205.5941,169.2765,218.9765,170.3059,216.8765,197.6059
207.0000,170.0000,220.0000,170.0000,220.0000,198.0000,207.0000,198.0000
208.0000,169.0000,222.0000,169.0000,222.0000,197.0000,208.0000,197.0000
209.0000,169.0000,222.0000,169.0000,222.0000,197.0000,209.0000,197.0000
210.0000,168.0000,223.0000,168.0000,223.0000,197.0000,210.0000,197.0000
212.0000,169.0000,225.0000,169.0000,225.0000,196.0000,212.0000,196.0000
215.0000,198.0000,215.0000,169.0000,227.0000,169.0000,227.0000,198.0000
219.0000,169.0000,230.0000,169.0000,230.0000,198.0000,219.0000,198.0000
222.0000,167.0000,232.0000,167.0000,232.0000,198.0000,222.0000,198.0000
223.1707,198.4634,226.7439,166.3049,236.4024,167.3781,232.8293,199.5366
226.6040,197.9604,229.6733,167.2673,238.1881,168.1188,235.1188,198.8119
229.7586,194.8966,232.2069,165.5173,241.2276,166.2690,238.7793,195.6483
234.0000,166.0000,243.0000,166.0000,243.0000,197.0000,234.0000,197.0000
236.0000,167.0000,247.0000,167.0000,247.0000,196.0000,236.0000,196.0000
238.0000,168.0000,248.0000,168.0000,248.0000,198.0000,238.0000,198.0000
240.0000,167.0000,251.0000,167.0000,251.0000,197.0000,240.0000,197.0000
237.1177,194.5294,244.3530,165.5882,256.5883,168.6471,249.3530,197.5883
244.0000,167.0000,257.0000,167.0000,257.0000,196.0000,244.0000,196.0000
246.0000,196.0000,246.0000,167.0000,259.0000,167.0000,259.0000,196.0000
247.9645,168.5025,258.9086,167.7208,260.9797,196.7157,250.0355,197.4975
253.0000,169.0000,263.0000,169.0000,263.0000,198.0000,253.0000,198.0000
254.7901,196.9890,256.3370,167.5967,266.1519,168.1133,264.6050,197.5055
257.0000,167.0000,268.0000,167.0000,268.0000,198.0000,257.0000,198.0000
260.0000,167.0000,272.0000,167.0000,272.0000,198.0000,260.0000,198.0000
264.0000,166.0000,275.0000,166.0000,275.0000,198.0000,264.0000,198.0000
264.4691,197.9646,266.5753,166.3717,277.0620,167.0708,274.9558,198.6638
268.6517,196.9207,270.5620,164.4448,282.2276,165.1310,280.3172,197.6069
271.1556,165.4903,283.1712,164.7393,285.0311,194.4981,273.0156,195.2490
275.0000,165.0000,287.0000,165.0000,287.0000,195.0000,275.0000,195.0000
277.0000,165.0000,290.0000,165.0000,290.0000,194.0000,277.0000,194.0000
279.7345,194.9823,281.7832,164.2522,294.9248,165.1283,292.8761,195.8584
281.5358,195.9454,285.1945,164.8464,297.6109,166.3072,293.9522,197.4061
286.0000,167.0000,299.0000,167.0000,299.0000,199.0000,286.0000,199.0000
291.0000,167.0000,303.0000,167.0000,303.0000,200.0000,291.0000,200.0000
296.0000,167.0000,306.0000,167.0000,306.0000,200.0000,296.0000,200.0000
299.0000,163.0000,309.0000,163.0000,309.0000,198.0000,299.0000,198.0000
302.0000,165.0000,312.0000,165.0000,312.0000,199.0000,302.0000,199.0000
302.7525,199.4753,306.1782,165.2178,316.4753,166.2475,313.0496,200.5050
309.0000,200.0000,309.0000,164.0000,319.0000,164.0000,319.0000,200.0000
312.0000,168.0000,322.0000,168.0000,322.0000,201.0000,312.0000,201.0000
316.0000,167.0000,325.0000,167.0000,325.0000,202.0000,316.0000,202.0000
319.0000,166.0000,329.0000,166.0000,329.0000,200.0000,319.0000,200.0000
321.0000,200.0000,321.0000,166.0000,330.0000,166.0000,330.0000,200.0000
324.0000,167.0000,336.0000,167.0000,336.0000,199.0000,324.0000,199.0000
326.1621,168.9730,337.1892,167.1351,342.6216,199.7297,331.5946,201.5676
331.2199,168.5400,342.5600,166.9200,346.9600,197.7200,335.6200,199.3400
336.0000,168.0000,348.0000,168.0000,348.0000,199.0000,336.0000,199.0000
336.2000,170.6000,348.8769,169.0154,352.6615,199.2923,339.9846,200.8770
341.0000,169.0000,352.0000,169.0000,352.0000,200.0000,341.0000,200.0000
343.0000,169.0000,355.0000,169.0000,355.0000,199.0000,343.0000,199.0000
346.0000,167.0000,357.0000,167.0000,357.0000,197.0000,346.0000,197.0000
354.0000,200.0000,354.0000,177.0000,369.0000,177.0000,369.0000,200.0000
349.0000,169.0000,364.0000,169.0000,364.0000,197.0000,349.0000,197.0000
353.0000,170.0000,368.0000,170.0000,368.0000,198.0000,353.0000,198.0000
354.0000,169.0000,369.0000,169.0000,369.0000,195.0000,354.0000,195.0000
357.0000,194.0000,357.0000,168.0000,374.0000,168.0000,374.0000,194.0000
356.0000,169.0000,373.0000,169.0000,373.0000,193.0000,356.0000,193.0000
361.0000,169.0000,377.0000,169.0000,377.0000,195.0000,361.0000,195.0000
362.0000,169.0000,378.0000,169.0000,378.0000,196.0000,362.0000,196.0000
364.0000,172.0000,381.0000,172.0000,381.0000,199.0000,364.0000,199.0000
366.0000,171.0000,383.0000,171.0000,383.0000,199.0000,366.0000,199.0000
367.0000,171.0000,384.0000,171.0000,384.0000,200.0000,367.0000,200.0000
366.0000,171.0000,384.0000,171.0000,384.0000,200.0000,366.0000,200.0000
369.0000,171.0000,385.0000,171.0000,385.0000,200.0000,369.0000,200.0000
371.0000,169.0000,384.0000,169.0000,384.0000,199.0000,371.0000,199.0000
371.0000,169.0000,383.0000,169.0000,383.0000,200.0000,371.0000,200.0000
371.0000,168.0000,384.0000,168.0000,384.0000,200.0000,371.0000,200.0000
372.0000,168.0000,384.0000,168.0000,384.0000,200.0000,372.0000,200.0000
372.0000,169.0000,384.0000,169.0000,384.0000,199.0000,372.0000,199.0000
373.0000,168.0000,384.0000,168.0000,384.0000,197.0000,373.0000,197.0000
373.0000,167.0000,385.0000,167.0000,385.0000,197.0000,373.0000,197.0000
372.0000,167.0000,384.0000,167.0000,384.0000,196.0000,372.0000,196.0000
370.0399,195.7200,374.3800,165.3400,385.0200,166.8600,380.6800,197.2400
372.0000,166.0000,383.0000,166.0000,383.0000,197.0000,372.0000,197.0000
