1
394.0504,213.4858,399.6959,183.8468,422.7178,188.2320,417.0723,217.8709
397.0000,187.0000,426.0000,187.0000,426.0000,216.0000,397.0000,216.0000
398.0000,187.0000,426.0000,187.0000,426.0000,216.0000,398.0000,216.0000
398.0000,188.0000,428.0000,188.0000,428.0000,216.0000,398.0000,216.0000
391.5000,203.5000,414.0000,181.0000,432.5000,199.5000,410.0000,222.0000
395.9335,214.0794,403.0043,184.3820,424.8155,189.5751,417.7447,219.2726
396.2192,212.0822,406.7809,183.9178,429.3562,192.3835,418.7945,220.5479
401.0000,187.0000,428.0000,187.0000,428.0000,215.0000,401.0000,215.0000
398.2000,213.4000,408.0000,184.0000,430.5000,191.5000,420.7000,220.9000
402.0000,188.0000,428.0000,188.0000,428.0000,215.0000,402.0000,215.0000
402.0000,188.0000,428.0000,188.0000,428.0000,215.0000,402.0000,215.0000
403.0000,188.0000,428.0000,188.0000,428.0000,214.0000,403.0000,214.0000
403.0000,189.0000,428.0000,189.0000,428.0000,214.0000,403.0000,214.0000
403.0000,190.0000,428.0000,190.0000,428.0000,214.0000,403.0000,214.0000
403.0000,187.0000,428.0000,187.0000,428.0000,214.0000,403.0000,214.0000
402.0000,187.0000,425.0000,187.0000,425.0000,215.0000,402.0000,215.0000
404.0000,186.0000,426.0000,186.0000,426.0000,215.0000,404.0000,215.0000
403.0000,185.0000,426.0000,185.0000,426.0000,214.0000,403.0000,214.0000
403.0000,183.0000,425.0000,183.0000,425.0000,213.0000,403.0000,213.0000
402.0000,183.0000,426.0000,183.0000,426.0000,213.0000,402.0000,213.0000
402.0000,212.0000,402.0000,185.0000,427.0000,185.0000,427.0000,212.0000
402.0000,181.0000,426.0000,181.0000,426.0000,211.0000,402.0000,211.0000
401.0000,182.0000,426.0000,182.0000,426.0000,211.0000,401.0000,211.0000
401.0000,182.0000,426.0000,182.0000,426.0000,212.0000,401.0000,212.0000
402.0000,212.0000,402.0000,186.0000,428.0000,186.0000,428.0000,212.0000
402.0000,184.0000,428.0000,184.0000,428.0000,212.0000,402.0000,212.0000
401.0000,211.0000,401.0000,185.0000,428.0000,185.0000,428.0000,211.0000
400.0000,186.0000,430.0000,186.0000,430.0000,212.0000,400.0000,212.0000
400.0000,186.0000,430.0000,186.0000,430.0000,211.0000,400.0000,211.0000
400.0000,186.0000,431.0000,186.0000,431.0000,212.0000,400.0000,212.0000
400.0000,186.0000,430.0000,186.0000,430.0000,211.0000,400.0000,211.0000
401.0000,186.0000,431.0000,186.0000,431.0000,212.0000,401.0000,212.0000
401.0000,187.0000,432.0000,187.0000,432.0000,213.0000,401.0000,213.0000
401.0000,187.0000,431.0000,187.0000,431.0000,213.0000,401.0000,213.0000
400.0000,187.0000,431.0000,187.0000,431.0000,213.0000,400.0000,213.0000
400.0000,186.0000,432.0000,186.0000,432.0000,214.0000,400.0000,214.0000
399.0000,187.0000,433.0000,187.0000,433.0000,213.0000,399.0000,213.0000
400.0000,187.0000,433.0000,187.0000,433.0000,214.0000,400.0000,214.0000
399.0000,187.0000,433.0000,187.0000,433.0000,214.0000,399.0000,214.0000
400.0000,188.0000,433.0000,188.0000,433.0000,214.0000,400.0000,214.0000
400.0000,188.0000,434.0000,188.0000,434.0000,214.0000,400.0000,214.0000
399.0000,188.0000,433.0000,188.0000,433.0000,214.0000,399.0000,214.0000
398.0000,188.0000,433.0000,188.0000,433.0000,215.0000,398.0000,215.0000
398.0000,188.0000,432.0000,188.0000,432.0000,215.0000,398.0000,215.0000
397.0000,188.0000,431.0000,188.0000,431.0000,214.0000,397.0000,214.0000
397.0000,189.0000,431.0000,189.0000,431.0000,215.0000,397.0000,215.0000
396.0000,188.0000,430.0000,188.0000,430.0000,215.0000,396.0000,215.0000
395.0000,188.0000,429.0000,188.0000,429.0000,215.0000,395.0000,215.0000
395.0000,188.0000,428.0000,188.0000,428.0000,215.0000,395.0000,215.0000
394.0000,188.0000,427.0000,188.0000,427.0000,215.0000,394.0000,215.0000
395.0000,187.0000,428.0000,187.0000,428.0000,214.0000,395.0000,214.0000
395.0000,187.0000,428.0000,187.0000,428.0000,214.0000,395.0000,214.0000
394.0000,186.0000,426.0000,186.0000,426.0000,214.0000,394.0000,214.0000
395.0000,186.0000,427.0000,186.0000,427.0000,214.0000,395.0000,214.0000
395.0000,187.0000,426.0000,187.0000,426.0000,215.0000,395.0000,215.0000
394.2828,186.9389,424.7376,185.4887,426.0385,212.8077,395.5837,214.2579
394.0000,187.0000,426.0000,187.0000,426.0000,214.0000,394.0000,214.0000
394.0000,187.0000,426.0000,187.0000,426.0000,213.0000,394.0000,213.0000
394.0000,188.0000,426.0000,188.0000,426.0000,214.0000,394.0000,214.0000
393.0000,188.0000,425.0000,188.0000,425.0000,213.0000,393.0000,213.0000
392.0000,190.0000,425.0000,190.0000,425.0000,214.0000,392.0000,214.0000
393.0000,189.0000,426.0000,189.0000,426.0000,215.0000,393.0000,215.0000
393.0000,189.0000,427.0000,189.0000,427.0000,214.0000,393.0000,214.0000
391.0000,189.0000,426.0000,189.0000,426.0000,214.0000,391.0000,214.0000
391.0000,189.0000,427.0000,189.0000,427.0000,214.0000,391.0000,214.0000
389.0000,189.0000,426.0000,189.0000,426.0000,214.0000,389.0000,214.0000
388.0000,189.0000,425.0000,189.0000,425.0000,214.0000,388.0000,214.0000
387.0000,189.0000,423.0000,189.0000,423.0000,215.0000,387.0000,215.0000
387.0000,189.0000,423.0000,189.0000,423.0000,215.0000,387.0000,215.0000
387.0000,189.0000,421.0000,189.0000,421.0000,216.0000,387.0000,216.0000
385.0000,189.0000,420.0000,189.0000,420.0000,216.0000,385.0000,216.0000
384.0000,188.0000,420.0000,188.0000,420.0000,215.0000,384.0000,215.0000
384.0000,189.0000,419.0000,189.0000,419.0000,216.0000,384.0000,216.0000
384.0000,189.0000,420.0000,189.0000,420.0000,215.0000,384.0000,215.0000
383.0000,189.0000,419.0000,189.0000,419.0000,215.0000,383.0000,215.0000
382.0000,190.0000,419.0000,190.0000,419.0000,216.0000,382.0000,216.0000
381.0000,190.0000,416.0000,190.0000,416.0000,215.0000,381.0000,215.0000
380.0000,190.0000,416.0000,190.0000,416.0000,215.0000,380.0000,215.0000
379.0000,189.0000,414.0000,189.0000,414.0000,215.0000,379.0000,215.0000
377.0000,190.0000,412.0000,190.0000,412.0000,216.0000,377.0000,216.0000
378.0000,190.0000,411.0000,190.0000,411.0000,217.0000,378.0000,217.0000
376.0000,190.0000,408.0000,190.0000,408.0000,218.0000,376.0000,218.0000
374.0000,219.0000,374.0000,191.0000,406.0000,191.0000,406.0000,219.0000
374.0000,190.0000,406.0000,190.0000,406.0000,217.0000,374.0000,217.0000
372.0000,190.0000,404.0000,190.0000,404.0000,217.0000,372.0000,217.0000
370.0000,191.0000,402.0000,191.0000,402.0000,217.0000,370.0000,217.0000
369.0000,191.0000,403.0000,191.0000,403.0000,217.0000,369.0000,217.0000
368.0000,191.0000,404.0000,191.0000,404.0000,217.0000,368.0000,217.0000
367.0000,191.0000,404.0000,191.0000,404.0000,216.0000,367.0000,216.0000
365.0000,192.0000,403.0000,192.0000,403.0000,217.0000,365.0000,217.0000
364.0000,191.0000,402.0000,191.0000,402.0000,217.0000,364.0000,217.0000
363.0000,191.0000,403.0000,191.0000,403.0000,217.0000,363.0000,217.0000
362.0000,190.0000,402.0000,190.0000,402.0000,217.0000,362.0000,217.0000
362.0000,191.0000,402.0000,191.0000,402.0000,219.0000,362.0000,219.0000
360.0000,191.0000,400.0000,191.0000,400.0000,219.0000,360.0000,219.0000
359.0000,191.0000,400.0000,191.0000,400.0000,219.0000,359.0000,219.0000
358.0000,192.0000,399.0000,192.0000,399.0000,220.0000,358.0000,220.0000
357.0000,191.0000,399.0000,191.0000,399.0000,219.0000,357.0000,219.0000
354.0000,192.0000,396.0000,192.0000,396.0000,220.0000,354.0000,220.0000
354.0000,192.0000,396.0000,192.0000,396.0000,220.0000,354.0000,220.0000
353.0000,193.0000,395.0000,193.0000,395.0000,221.0000,353.0000,221.0000
350.0000,193.0000,393.0000,193.0000,393.0000,221.0000,350.0000,221.0000
348.0000,193.0000,392.0000,193.0000,392.0000,221.0000,348.0000,221.0000
346.0000,194.0000,390.0000,194.0000,390.0000,221.0000,346.0000,221.0000
345.0000,194.0000,388.0000,194.0000,388.0000,223.0000,345.0000,223.0000
343.0000,195.0000,385.0000,195.0000,385.0000,224.0000,343.0000,224.0000
342.0000,194.0000,383.0000,194.0000,383.0000,224.0000,342.0000,224.0000
342.0000,194.0000,383.0000,194.0000,383.0000,224.0000,342.0000,224.0000
340.0000,195.0000,382.0000,195.0000,382.0000,225.0000,340.0000,225.0000
339.0000,195.0000,382.0000,195.0000,382.0000,225.0000,339.0000,225.0000
337.0000,196.0000,381.0000,196.0000,381.0000,225.0000,337.0000,225.0000
340.0000,197.0000,383.0000,197.0000,383.0000,227.0000,340.0000,227.0000
336.0000,198.0000,382.0000,198.0000,382.0000,226.0000,336.0000,226.0000
336.0000,198.0000,382.0000,198.0000,382.0000,227.0000,336.0000,227.0000
335.0000,198.0000,381.0000,198.0000,381.0000,227.0000,335.0000,227.0000
331.0000,197.0000,378.0000,197.0000,378.0000,227.0000,331.0000,227.0000
329.0000,197.0000,376.0000,197.0000,376.0000,227.0000,329.0000,227.0000
333.0000,197.0000,376.0000,197.0000,376.0000,228.0000,333.0000,228.0000
331.0000,197.0000,374.0000,197.0000,374.0000,228.0000,331.0000,228.0000
326.0000,197.0000,373.0000,197.0000,373.0000,229.0000,326.0000,229.0000
324.0000,198.0000,371.0000,198.0000,371.0000,230.0000,324.0000,230.0000
323.0000,198.0000,369.0000,198.0000,369.0000,229.0000,323.0000,229.0000
317.0000,199.0000,366.0000,199.0000,366.0000,229.0000,317.0000,229.0000
315.0000,198.0000,366.0000,198.0000,366.0000,227.0000,315.0000,227.0000
313.0000,199.0000,364.0000,199.0000,364.0000,228.0000,313.0000,228.0000
310.0000,199.0000,363.0000,199.0000,363.0000,228.0000,310.0000,228.0000
309.0000,199.0000,362.0000,199.0000,362.0000,228.0000,309.0000,228.0000
307.0000,198.0000,360.0000,198.0000,360.0000,228.0000,307.0000,228.0000
307.0000,198.0000,360.0000,198.0000,360.0000,229.0000,307.0000,229.0000
307.0000,199.0000,358.0000,199.0000,358.0000,230.0000,307.0000,230.0000
301.0000,198.0000,348.0000,198.0000,348.0000,232.0000,301.0000,232.0000
300.0000,198.0000,346.0000,198.0000,346.0000,233.0000,300.0000,233.0000
298.0000,197.0000,343.0000,197.0000,343.0000,235.0000,298.0000,235.0000
300.0000,199.0000,346.0000,199.0000,346.0000,235.0000,300.0000,235.0000
305.0000,199.0000,348.0000,199.0000,348.0000,236.0000,305.0000,236.0000
302.0000,200.0000,350.0000,200.0000,350.0000,236.0000,302.0000,236.0000
302.0000,200.0000,350.0000,200.0000,350.0000,236.0000,302.0000,236.0000
299.0000,200.0000,347.0000,200.0000,347.0000,234.0000,299.0000,234.0000
299.0000,201.0000,346.0000,201.0000,346.0000,235.0000,299.0000,235.0000
297.0000,200.0000,347.0000,200.0000,347.0000,236.0000,297.0000,236.0000
290.0000,200.0000,341.0000,200.0000,341.0000,233.0000,290.0000,233.0000
287.0000,197.0000,338.0000,197.0000,338.0000,234.0000,287.0000,234.0000
288.0000,196.0000,336.0000,196.0000,336.0000,234.0000,288.0000,234.0000
289.0000,199.0000,335.0000,199.0000,335.0000,234.0000,289.0000,234.0000
280.0000,200.0000,332.0000,200.0000,332.0000,235.0000,280.0000,235.0000
274.0000,196.0000,327.0000,196.0000,327.0000,234.0000,274.0000,234.0000
267.0000,195.0000,320.0000,195.0000,320.0000,235.0000,267.0000,235.0000
257.0000,195.0000,309.0000,195.0000,309.0000,237.0000,257.0000,237.0000
255.0000,195.0000,306.0000,195.0000,306.0000,238.0000,255.0000,238.0000
254.0000,236.0000,254.0000,193.0000,304.0000,193.0000,304.0000,236.0000
241.2623,216.8852,276.5902,174.4918,305.7049,198.7541,270.3770,241.1475
240.7074,217.4643,276.8247,174.4013,305.6848,198.6066,269.5675,241.6695
241.3098,217.8551,277.0582,175.4866,305.6811,199.6372,269.9327,242.0057
238.9885,219.9249,271.9885,174.9249,304.0694,198.4509,271.0694,243.4509
238.4309,216.1196,272.9546,174.1980,303.6948,199.5134,269.1711,241.4350
249.0000,192.0000,301.0000,192.0000,301.0000,235.0000,249.0000,235.0000
247.0000,193.0000,300.0000,193.0000,300.0000,231.0000,247.0000,231.0000
246.0000,194.0000,299.0000,194.0000,299.0000,234.0000,246.0000,234.0000
243.1000,231.3000,244.5767,191.4288,299.8342,193.4753,298.3575,233.3466
242.0000,194.0000,298.0000,194.0000,298.0000,237.0000,242.0000,237.0000
238.0000,194.0000,295.0000,194.0000,295.0000,234.0000,238.0000,234.0000
234.0000,195.0000,295.0000,195.0000,295.0000,234.0000,234.0000,234.0000
232.0000,197.0000,293.0000,197.0000,293.0000,235.0000,232.0000,235.0000
233.0000,197.0000,295.0000,197.0000,295.0000,235.0000,233.0000,235.0000
234.0000,199.0000,296.0000,199.0000,296.0000,235.0000,234.0000,235.0000
231.0000,195.0000,294.0000,195.0000,294.0000,234.0000,231.0000,234.0000
228.0000,194.0000,291.0000,194.0000,291.0000,234.0000,228.0000,234.0000
224.0000,194.0000,287.0000,194.0000,287.0000,235.0000,224.0000,235.0000
220.0000,195.0000,284.0000,195.0000,284.0000,234.0000,220.0000,234.0000
218.0000,196.0000,282.0000,196.0000,282.0000,236.0000,218.0000,236.0000
216.3058,203.9498,280.7873,201.4697,282.1019,235.6499,217.6204,238.1300
213.0000,203.0000,278.0000,203.0000,278.0000,237.0000,213.0000,237.0000
217.0000,199.0000,282.0000,199.0000,282.0000,237.0000,217.0000,237.0000
213.0000,201.0000,278.0000,201.0000,278.0000,237.0000,213.0000,237.0000
210.0000,201.0000,277.0000,201.0000,277.0000,237.0000,210.0000,237.0000
212.0000,197.0000,278.0000,197.0000,278.0000,238.0000,212.0000,238.0000
212.0000,197.0000,278.0000,197.0000,278.0000,238.0000,212.0000,238.0000
208.1566,238.9291,209.7932,196.3767,277.3087,198.9734,275.6721,241.5258
207.0000,198.0000,274.0000,198.0000,274.0000,242.0000,207.0000,242.0000
198.0280,203.2030,265.7737,193.8588,271.8320,237.7818,204.0864,247.1260
187.4912,210.1611,257.8998,194.1591,266.7701,233.1886,196.3615,249.1906
186.3708,203.3933,256.7798,196.6876,260.6674,237.5079,190.2584,244.2135
187.0000,199.0000,256.0000,199.0000,256.0000,239.0000,187.0000,239.0000
183.2446,201.7907,256.7451,197.0487,259.3917,238.0715,185.8912,242.8135
182.0000,198.0000,256.0000,198.0000,256.0000,240.0000,182.0000,240.0000
180.0000,241.0000,180.0000,199.0000,256.0000,199.0000,256.0000,241.0000
178.0000,201.0000,254.0000,201.0000,254.0000,243.0000,178.0000,243.0000
180.0000,201.0000,253.0000,201.0000,253.0000,244.0000,180.0000,244.0000
169.0000,201.0000,246.0000,201.0000,246.0000,244.0000,169.0000,244.0000
169.0000,246.0000,169.0000,202.0000,245.0000,202.0000,245.0000,246.0000
164.0000,202.0000,241.0000,202.0000,241.0000,248.0000,164.0000,248.0000
164.0000,203.0000,240.0000,203.0000,240.0000,250.0000,164.0000,250.0000
162.0000,254.0000,162.0000,204.0000,238.0000,204.0000,238.0000,254.0000
155.0000,209.0000,230.0000,209.0000,230.0000,257.0000,155.0000,257.0000
154.0000,210.0000,229.0000,210.0000,229.0000,256.0000,154.0000,256.0000
153.0000,208.0000,229.0000,208.0000,229.0000,256.0000,153.0000,256.0000
150.0340,209.8833,225.1152,206.9956,227.0000,256.0000,151.9188,258.8878
144.8354,212.7082,221.3940,208.8803,223.7481,255.9626,147.1895,259.7905
142.0000,210.0000,222.0000,210.0000,222.0000,258.0000,142.0000,258.0000
138.0000,210.0000,218.0000,210.0000,218.0000,257.0000,138.0000,257.0000
141.0000,211.0000,217.0000,211.0000,217.0000,259.0000,141.0000,259.0000
141.0000,208.0000,213.0000,208.0000,213.0000,259.0000,141.0000,259.0000
136.0000,206.0000,209.0000,206.0000,209.0000,257.0000,136.0000,257.0000
136.0000,203.0000,214.0000,203.0000,214.0000,257.0000,136.0000,257.0000
136.0000,202.0000,213.0000,202.0000,213.0000,257.0000,136.0000,257.0000
133.0000,206.0000,206.0000,206.0000,206.0000,258.0000,133.0000,258.0000
132.0000,205.0000,203.0000,205.0000,203.0000,257.0000,132.0000,257.0000
117.4381,214.5708,196.1549,209.3230,199.5664,260.4956,120.8496,265.7434
110.0000,263.0000,110.0000,213.0000,193.0000,213.0000,193.0000,263.0000
107.0000,212.0000,193.0000,212.0000,193.0000,262.0000,107.0000,262.0000
106.0000,211.0000,192.0000,211.0000,192.0000,262.0000,106.0000,262.0000
102.0000,211.0000,189.0000,211.0000,189.0000,261.0000,102.0000,261.0000
105.0000,209.0000,186.0000,209.0000,186.0000,260.0000,105.0000,260.0000
96.0000,208.0000,183.0000,208.0000,183.0000,259.0000,96.0000,259.0000
95.0000,209.0000,181.0000,209.0000,181.0000,260.0000,95.0000,260.0000
98.0000,209.0000,180.0000,209.0000,180.0000,258.0000,98.0000,258.0000
87.4995,209.4778,175.7226,207.5173,176.8213,256.9595,88.5982,258.9200
86.0000,209.0000,173.0000,209.0000,173.0000,258.0000,86.0000,258.0000
90.0000,258.0000,90.0000,208.0000,175.0000,208.0000,175.0000,258.0000
89.0000,207.0000,172.0000,207.0000,172.0000,258.0000,89.0000,258.0000
85.0000,208.0000,172.0000,208.0000,172.0000,258.0000,85.0000,258.0000
87.4563,209.9901,173.9372,208.1101,175.0430,258.9773,88.5621,260.8574
83.0000,261.0000,83.0000,210.0000,171.0000,210.0000,171.0000,261.0000
78.0000,262.0000,78.0000,210.0000,165.0000,210.0000,165.0000,262.0000
78.0000,261.0000,78.0000,209.0000,162.0000,209.0000,162.0000,261.0000
73.0000,209.0000,161.0000,209.0000,161.0000,261.0000,73.0000,261.0000
70.0000,209.0000,158.0000,209.0000,158.0000,261.0000,70.0000,261.0000
69.0000,208.0000,155.0000,208.0000,155.0000,260.0000,69.0000,260.0000
71.0000,262.0000,71.0000,209.0000,153.0000,209.0000,153.0000,262.0000
67.0000,211.0000,151.0000,211.0000,151.0000,265.0000,67.0000,265.0000
66.0000,267.0000,66.0000,211.0000,150.0000,211.0000,150.0000,267.0000
60.4468,213.4244,147.6971,211.1872,149.1393,267.4323,61.8889,269.6695
56.0000,267.0000,56.0000,212.0000,145.0000,212.0000,145.0000,267.0000
47.0000,264.0000,47.0000,213.0000,139.0000,213.0000,139.0000,264.0000
46.0000,214.0000,140.0000,214.0000,140.0000,265.0000,46.0000,265.0000
41.0000,213.0000,138.0000,213.0000,138.0000,262.0000,41.0000,262.0000
41.0000,212.0000,138.0000,212.0000,138.0000,262.0000,41.0000,262.0000
38.3365,212.2070,134.2538,210.7537,135.0303,261.9996,39.1129,263.4529
33.0000,211.0000,130.0000,211.0000,130.0000,260.0000,33.0000,260.0000
30.0000,260.0000,30.0000,208.0000,126.0000,208.0000,126.0000,260.0000
30.0000,208.0000,124.0000,208.0000,124.0000,262.0000,30.0000,262.0000
32.0000,212.0000,124.0000,212.0000,124.0000,265.0000,32.0000,265.0000
29.0000,212.0000,121.0000,212.0000,121.0000,265.0000,29.0000,265.0000
25.0878,214.8097,117.7161,211.9151,119.3737,264.9571,26.7454,267.8517
22.7031,213.3895,116.6259,210.1508,118.5154,264.9478,24.5926,268.1865
24.0000,213.0000,117.0000,213.0000,117.0000,270.0000,24.0000,270.0000
19.0000,212.0000,112.0000,212.0000,112.0000,268.0000,19.0000,268.0000
10.3800,220.6600,102.9200,207.4400,110.9400,263.5800,18.4000,276.8000
9.0000,267.0000,9.0000,212.0000,104.0000,212.0000,104.0000,267.0000
8.0000,212.0000,103.0000,212.0000,103.0000,267.0000,8.0000,267.0000
