1
156.7352,229.9742,160.1345,63.4109,210.3584,64.4359,206.9592,230.9992
153.8197,228.9836,169.4508,57.0410,226.4344,62.2213,210.8033,234.1639
153.1304,227.2433,169.6603,55.3327,226.8813,60.8347,210.3514,232.7453
161.9188,225.9426,166.6591,54.1078,228.4121,55.8114,223.6718,227.6461
161.9326,225.9277,167.8772,55.9118,227.9576,58.0125,222.0130,228.0284
165.9269,223.9695,168.4152,54.7708,228.6227,55.6562,226.1345,224.8549
167.0000,60.0000,229.0000,60.0000,229.0000,223.0000,167.0000,223.0000
152.9943,220.0591,169.2620,52.3762,226.6251,57.9413,210.3573,225.6242
166.0000,56.0000,220.0000,56.0000,220.0000,223.0000,166.0000,223.0000
163.0000,54.0000,211.0000,54.0000,211.0000,223.0000,163.0000,223.0000
162.0000,55.0000,210.0000,55.0000,210.0000,222.0000,162.0000,222.0000
158.0000,221.0000,158.0000,54.0000,202.0000,54.0000,202.0000,221.0000
151.9990,220.0222,159.4766,51.7767,206.2509,53.8556,198.7733,222.1011
151.5334,219.6642,154.4957,56.7363,199.4627,57.5539,196.5003,220.4818
154.0000,221.0000,154.0000,56.0000,199.0000,56.0000,199.0000,221.0000
149.1587,53.3009,191.3562,52.3836,194.9509,217.7402,152.7534,218.6575
150.2255,53.2755,191.5290,52.4494,194.8557,218.7829,153.5522,219.6089
145.7465,216.7025,148.6288,49.5281,192.5641,50.2856,189.6817,217.4601
147.0000,50.0000,190.0000,50.0000,190.0000,220.0000,147.0000,220.0000
146.0000,49.0000,195.0000,49.0000,195.0000,217.0000,146.0000,217.0000
146.0000,49.0000,193.0000,49.0000,193.0000,219.0000,146.0000,219.0000
143.7320,53.9088,198.4227,51.0304,207.1215,216.3094,152.4309,219.1878
146.0000,56.0000,201.0000,56.0000,201.0000,217.0000,146.0000,217.0000
147.0000,59.0000,211.0000,59.0000,211.0000,216.0000,147.0000,216.0000
147.0000,61.0000,218.0000,61.0000,218.0000,215.0000,147.0000,215.0000
149.0000,61.0000,211.0000,61.0000,211.0000,215.0000,149.0000,215.0000
148.0000,62.0000,210.0000,62.0000,210.0000,215.0000,148.0000,215.0000
142.1278,215.5792,151.4738,62.9270,201.4904,65.9892,192.1444,218.6415
144.0594,215.7237,151.1613,63.0308,200.7285,65.3362,193.6266,218.0291
135.2100,211.9890,157.3732,60.0128,198.9269,66.0727,176.7637,218.0489
134.8400,213.1200,156.6800,60.2400,197.8400,66.1200,176.0000,219.0000
132.4585,213.0611,152.7817,60.6376,197.7817,66.6376,177.4585,219.0611
130.7200,211.9600,152.3600,60.4800,197.7200,66.9600,176.0800,218.4400
128.5117,212.1991,146.0598,61.2860,195.5993,67.0464,178.0512,217.9594
130.1409,212.3885,147.6355,61.9344,195.5459,67.5053,178.0512,217.9594
126.9530,211.8817,139.6532,63.7131,194.2237,68.3906,181.5235,216.5592
126.7541,210.7049,140.0410,64.5492,194.1393,69.4672,180.8524,215.6230
130.0000,69.0000,189.0000,69.0000,189.0000,214.0000,130.0000,214.0000
129.0000,67.0000,190.0000,67.0000,190.0000,212.0000,129.0000,212.0000
122.8738,212.2708,130.9908,66.1662,191.2492,69.5138,183.1323,215.6185
129.0000,69.0000,189.0000,69.0000,189.0000,212.0000,129.0000,212.0000
125.5777,211.4017,134.8886,64.7548,193.6675,68.4868,184.3566,215.1337
124.2176,212.1706,135.6059,64.1235,193.5706,68.5824,182.1823,216.6294
128.0888,213.7271,138.4225,65.6109,193.0635,69.4230,182.7298,217.5393
127.8934,213.4924,138.4620,65.5330,193.2538,69.4467,182.6853,217.4061
131.4016,215.8786,142.5213,69.4700,193.9839,73.3785,182.8643,219.7872
130.5747,214.8689,138.4421,69.3212,191.9344,72.2127,184.0670,217.7604
132.2561,212.6951,148.6951,64.7439,195.7805,69.9756,179.3415,217.9268
133.2561,213.6951,149.3903,68.4878,195.8171,73.6463,179.6829,218.8537
122.4770,208.2318,164.7254,65.2370,209.1853,78.3729,166.9368,221.3677
129.2732,211.0585,160.5171,65.2537,204.4293,74.6634,173.1854,220.4683
143.0000,72.0000,200.0000,72.0000,200.0000,215.0000,143.0000,215.0000
144.0000,72.0000,201.0000,72.0000,201.0000,215.0000,144.0000,215.0000
136.2813,74.7619,199.9605,65.5452,220.3134,206.1652,156.6342,215.3819
131.9081,78.7493,198.1030,67.8565,221.0142,207.0863,154.8194,217.9791
139.6314,74.8669,210.3004,66.5529,227.0785,209.1672,156.4096,217.4812
135.0779,76.0360,207.0003,64.7710,229.5357,208.6510,157.6133,219.9160
137.9841,75.4691,213.9894,63.6461,236.6534,209.3428,160.6480,221.1659
133.4351,76.3623,211.0439,61.7028,238.4802,206.9538,160.8714,221.6132
137.2857,75.0398,217.5925,60.1375,245.1852,208.8316,164.8784,223.7339
136.5768,74.9871,220.0408,60.9300,245.4260,211.6545,161.9620,225.7116
139.4633,75.0362,222.9561,58.8241,252.4429,210.6810,168.9501,226.8932
138.1292,73.7590,223.6642,56.9874,253.6901,210.1196,168.1551,226.8912
137.3915,77.9708,223.5331,58.7353,257.5416,211.0344,171.4000,230.2699
136.3915,78.9708,223.2729,59.5701,257.5024,212.8587,170.6210,232.2594
134.8710,83.8051,223.0337,58.7483,267.0464,213.6078,178.8837,238.6646
137.1279,84.7080,224.5770,61.2680,265.0375,212.2168,177.5884,235.6567
141.3405,85.3568,227.9135,58.7189,275.8703,214.5784,189.2973,241.2162
144.6552,79.6084,232.3943,57.2259,273.1657,217.0496,185.4265,239.4320
133.9126,96.7139,219.4223,58.9564,286.0162,209.7721,200.5065,247.5296
137.6275,92.2813,222.6573,58.8427,283.7369,214.1596,198.7072,247.5983
148.3947,88.0913,229.3559,58.8075,286.1813,215.9131,205.2202,245.1970
150.0628,87.2680,230.0841,58.8734,286.1516,216.8817,206.1303,245.2763
159.1889,82.0877,233.4427,57.5839,287.3634,220.9801,213.1097,245.4838
159.0907,81.7901,235.1481,56.6911,289.1670,220.3849,213.1097,245.4838
192.0000,231.0000,192.0000,63.0000,271.0000,63.0000,271.0000,231.0000
174.8472,74.6192,250.1088,54.8135,294.5518,223.6969,219.2902,243.5026
196.1303,66.5824,267.6170,54.3909,296.9487,226.3808,225.4619,238.5724
195.4575,65.5897,265.0011,53.0936,296.0001,225.6094,226.4565,238.1055
206.5030,59.9706,272.6215,50.3882,298.0422,225.7910,231.9237,235.3734
204.1974,58.8036,270.8668,48.3044,298.6943,225.0088,232.0248,235.5079
212.0000,57.0000,290.0000,57.0000,290.0000,231.0000,212.0000,231.0000
209.1914,58.8011,283.2360,49.1431,306.1431,224.7639,232.0985,234.4219
217.0000,50.0000,286.0000,50.0000,286.0000,227.0000,217.0000,227.0000
216.0000,47.0000,287.0000,47.0000,287.0000,227.0000,216.0000,227.0000
217.0000,44.0000,283.0000,44.0000,283.0000,226.0000,217.0000,226.0000
216.0000,45.0000,286.0000,45.0000,286.0000,226.0000,216.0000,226.0000
204.8881,221.9124,223.7618,43.9596,291.1253,51.1042,272.2515,229.0570
203.3674,220.9869,225.7026,44.9324,294.4836,53.6584,272.1484,229.7128
203.3605,221.3424,230.4059,49.2352,299.5973,60.1082,272.5519,232.2153
203.2295,220.8713,227.0148,49.3670,297.7205,59.1729,273.9353,230.6772
197.6312,219.8623,227.7405,53.6066,300.4731,66.7786,270.3639,233.0344
193.0368,217.2913,228.3945,54.1021,304.9984,70.6996,269.6407,233.8888
186.6653,218.1583,235.7062,59.7186,310.9498,83.0083,261.9089,241.4480
186.6645,217.9570,236.7308,60.2479,312.3625,84.2579,262.2962,241.9670
179.4000,220.8000,231.8000,63.6000,309.5000,89.5000,257.1000,246.7000
179.6348,220.7319,232.6925,65.9803,310.0811,92.5135,257.0234,247.2652
166.5125,223.1997,189.0119,68.9184,283.4615,82.6923,260.9622,236.9736
164.4440,223.0441,191.2371,67.3096,286.3153,83.6671,259.5223,239.4017
153.2679,217.1282,167.4248,77.1329,275.6440,88.0764,261.4871,228.0717
152.6418,216.3593,169.2386,77.5503,278.7062,90.6388,262.1095,229.4479
144.9980,193.0454,261.5392,86.6382,328.6526,160.1433,212.1114,266.5505
145.7526,195.9439,186.9835,70.6655,300.2126,107.9307,258.9818,233.2092
145.8268,189.4289,189.7400,72.7845,305.1067,116.2166,261.1935,232.8611
150.2345,168.2052,275.3826,88.6840,331.8372,177.5306,206.6891,257.0517
144.6660,154.1524,271.1116,96.4754,316.8716,196.7954,190.4260,254.4724
158.0917,168.8011,268.7744,93.3357,326.2355,177.6121,215.5529,253.0776
160.9376,169.3900,266.2831,93.1053,327.0226,176.9836,221.6771,253.2683
165.1026,216.9098,173.0487,93.7451,278.7699,100.5658,270.8238,223.7306
168.8713,215.2871,181.2871,91.1287,285.0495,101.5050,272.6337,225.6634
173.6167,98.4051,271.6617,95.7066,275.1360,221.9412,177.0911,224.6397
177.8523,216.2222,182.6855,88.9501,283.7549,92.7881,278.9218,220.0603
178.8472,95.4758,274.3358,88.8138,283.4715,219.7578,187.9828,226.4198
170.5396,107.5111,257.7589,86.7786,289.2965,219.4541,202.0772,240.1866
174.0085,106.3333,252.0088,80.7702,297.0868,218.3161,219.0865,243.8792
177.9639,101.9723,243.6865,76.0146,299.2567,216.7138,233.5341,242.6714
182.2600,104.7974,235.5223,81.9078,294.5226,219.1969,241.2603,242.0865
189.2213,95.8956,249.5318,75.2177,297.5844,215.3711,237.2740,236.0490
186.0261,93.3861,255.4676,72.3431,298.4365,214.1404,228.9950,235.1833
172.9340,94.7659,238.3253,68.2303,293.7901,204.9113,228.3988,231.4469
178.0101,79.8579,234.1482,71.5249,255.1611,213.0854,199.0231,221.4185
155.8957,87.2579,206.6597,60.0812,275.6647,188.9775,224.9007,216.1542
144.1714,71.2256,191.8980,46.1063,262.5705,180.3840,214.8438,205.5033
140.1763,54.1321,191.8529,33.0396,250.8675,177.6255,199.1910,198.7180
148.0770,33.9413,212.7880,27.9372,226.8551,179.5495,162.1442,185.5536
145.1541,31.9757,204.2595,22.6432,228.1379,173.8730,169.0325,183.2054
142.3330,31.1165,195.8934,16.6637,235.5947,163.7919,182.0343,178.2447
144.2292,32.7366,199.6829,20.8537,230.8536,166.3170,175.4000,178.2000
137.2162,30.3674,193.5080,19.9430,220.7294,166.9390,164.4377,177.3634
134.3624,26.0537,193.9195,15.5436,220.0437,163.5805,160.4866,174.0906
136.9195,24.0752,183.3097,8.4631,232.9480,155.9598,186.5579,171.5719
132.6010,23.0960,189.8240,2.4130,242.1247,147.1116,184.9017,167.7946
136.6601,26.9887,193.1422,10.7711,235.4892,158.2556,179.0071,174.4732
141.0669,26.4830,197.8853,18.6159,218.2722,165.8546,161.4538,173.7218
150.0966,168.8964,153.5479,22.2129,216.2544,23.6883,212.8030,170.3718
147.2693,28.3461,204.0000,17.0000,234.6154,170.0769,177.8846,181.4230
166.0694,30.3140,214.7604,25.0971,231.5082,181.4099,182.8171,186.6267
170.5146,34.4237,225.5270,31.3098,234.4887,189.6327,179.4763,192.7466
174.6413,49.4263,232.7417,47.5721,237.6275,200.6608,179.5271,202.5151
177.2454,63.6021,227.6266,49.3148,270.7586,201.4117,220.3774,215.6990
185.0728,69.9205,239.5561,56.5093,276.0730,204.8590,221.5896,218.2702
201.4037,70.1218,262.5221,69.4193,264.2051,215.8482,203.0868,216.5507
210.3956,71.3571,266.3273,69.6361,270.8215,215.6978,214.8898,217.4188
214.8543,76.1323,274.2043,75.0333,276.8317,216.9106,217.4816,218.0096
217.0911,81.2014,281.4732,80.3864,283.2147,217.9593,218.8326,218.7743
220.2660,80.5760,285.7710,78.7564,289.5274,213.9854,224.0224,215.8050
226.9222,82.6597,290.6826,80.9128,294.3278,213.9636,230.5674,215.7105
224.6154,84.9231,288.2462,76.9692,305.0769,211.6154,241.4461,219.5692
223.6095,92.7419,279.4707,75.4056,319.3069,203.7668,263.4458,221.1030
234.9765,209.5569,240.3507,81.9200,307.2322,84.7361,301.8580,212.3730
238.5033,208.6268,241.8453,83.3025,318.6840,85.3516,315.3420,210.6758
239.3869,88.1282,312.8867,77.4901,331.2661,204.4746,257.7663,215.1128
233.2154,95.2769,303.7261,70.3908,346.4092,191.3262,275.8985,216.2123
238.4880,88.6921,323.1071,71.1847,349.2691,197.6340,264.6499,215.1414
235.2672,88.1830,319.4936,70.0583,347.3392,199.4586,263.1129,217.5833
228.3835,91.8685,308.8656,64.2747,352.7546,192.2842,272.2725,219.8781
240.9896,210.0401,248.5827,76.6185,312.4976,80.2559,304.9045,213.6775
242.5820,79.4250,302.9332,78.9262,304.0577,214.9912,243.7065,215.4900
235.2330,81.1071,300.7364,78.9595,305.2271,215.9270,239.7238,218.0746
234.5630,79.4477,299.5207,76.2531,306.4367,216.8802,241.4791,220.0748
230.5172,80.4001,299.3720,77.4322,305.4283,217.9384,236.5735,220.9063
224.9035,81.5426,298.4188,78.4009,304.3821,217.9409,230.8668,221.0826
225.3244,77.2535,302.9059,76.6124,304.0660,216.9912,226.4846,217.6323
224.3241,216.5181,225.4164,76.7064,302.0913,77.3054,300.9991,217.1172
226.5278,215.5527,227.6715,73.7312,300.1265,74.3156,298.9827,216.1370
224.5440,214.6507,225.6259,70.7566,291.0733,71.2487,289.9914,215.1428
194.0396,211.5798,197.3291,65.7443,281.2563,67.6374,277.9668,213.4729
181.7438,201.3363,202.0005,56.1629,286.6775,67.9783,266.4207,213.1517
177.5312,205.0121,203.7893,53.5235,283.0868,67.2684,256.8288,218.7570
173.8985,209.5787,193.4694,55.1863,267.6853,64.5939,248.1144,218.9863
169.6235,208.6941,205.2471,48.3882,276.9294,64.3176,241.3059,224.6236
170.5261,212.7143,194.9952,51.4407,259.0382,61.1575,234.5691,222.4312
170.0827,214.1549,198.7031,47.6365,262.3085,58.5686,233.6881,225.0871
166.6810,218.8196,190.3360,52.1085,255.2321,61.3167,231.5771,228.0278
170.7311,221.8816,186.0301,57.9628,246.6884,63.6243,231.3893,227.5430
160.7699,222.7734,173.8794,59.9970,247.5692,65.9318,234.4597,228.7082
152.2476,222.3867,172.6616,60.2759,254.1982,70.5435,233.7843,232.6543
157.9935,224.8422,176.6500,63.5959,253.5299,72.4911,234.8733,233.7374
162.6800,226.2400,186.0000,63.0000,257.6800,73.2400,234.3600,236.4800
160.0828,226.5986,182.0103,67.2583,257.1470,77.5982,235.2195,236.9385
157.0388,227.5549,174.4443,72.6454,255.6328,81.7677,238.2273,236.6772
153.0583,228.4301,175.5329,72.9807,256.8335,84.7350,234.3589,240.1844
147.3303,228.5677,186.5637,73.2687,265.3857,93.1817,226.1523,248.4806
142.8969,229.6854,192.3490,75.3351,269.4889,100.0498,220.0368,254.4001
137.7101,228.2995,199.3909,72.6955,273.8685,102.2181,212.1876,257.8221
134.5811,229.6851,201.2598,73.5964,281.0489,107.6811,214.3702,263.7697
131.9833,229.8818,198.2842,72.8533,281.7209,108.0821,215.4200,265.1106
124.1127,224.0079,207.2369,70.7987,277.2293,108.7734,194.1052,261.9826
132.9353,227.9117,212.6599,72.7335,279.7859,107.2203,200.0613,262.3984
126.7200,223.0400,221.0318,70.1898,283.1180,108.4984,188.8062,261.3485
129.8928,222.9752,223.3463,70.3344,282.3957,106.4871,188.9422,259.1278
138.6859,223.0527,221.3075,69.9596,279.6363,101.4386,197.0146,254.5317
150.6013,224.9878,221.8079,69.3270,289.9612,100.5035,218.7546,256.1643
156.0000,220.0000,230.2000,71.6000,283.4001,98.2000,209.2000,246.6000
163.8528,222.0609,226.4766,71.0269,290.3909,97.5279,227.7670,248.5619
171.8658,224.7927,227.9341,72.6073,287.0659,94.3927,230.9976,246.5780
175.4637,230.0039,219.2939,74.4067,281.0812,91.8116,237.2511,247.4087
175.0517,228.7480,214.6451,72.2596,281.6679,89.2172,242.0745,245.7056
171.4938,228.5945,213.3587,73.0966,281.6400,91.4800,239.7752,246.9779
170.3786,227.2880,212.6173,71.7726,281.0045,90.3469,238.7658,245.8623
169.4387,228.0011,212.8860,73.1022,282.4271,92.6076,238.9799,247.5066
169.6857,228.7661,197.0975,74.7377,275.4384,88.6797,248.0265,242.7081
168.4649,227.7091,199.2937,71.6383,287.8388,89.1286,257.0100,245.1995
168.0520,229.0835,204.9870,69.9791,298.4163,91.6681,261.4814,250.7725
166.7808,227.9637,206.3994,66.6595,302.5797,90.2827,262.9611,251.5870
167.0000,81.0000,287.0000,81.0000,287.0000,227.0000,167.0000,227.0000
163.9114,226.2608,255.1681,64.2014,343.2927,113.8250,252.0360,275.8843
166.0000,75.0000,297.0000,75.0000,297.0000,228.0000,166.0000,228.0000
167.0000,76.0000,305.0000,76.0000,305.0000,229.0000,167.0000,229.0000
170.0000,74.0000,310.0000,74.0000,310.0000,228.0000,170.0000,228.0000
170.9478,226.4983,191.5383,60.1905,319.5663,76.0415,298.9758,242.3494
174.7096,225.9416,195.9755,59.3586,324.1840,75.7256,302.9181,242.3087
181.7847,224.9587,183.3051,69.8755,318.5569,71.2015,317.0364,226.2847
182.7223,224.9108,204.2812,61.0633,328.5507,77.4146,306.9919,241.2621
184.0578,222.6242,209.7226,55.8035,328.0752,74.0116,302.4104,240.8323
183.9939,222.6398,217.3211,53.1059,333.1197,75.8697,299.7924,245.4037
183.6316,220.0961,215.5980,53.3146,331.8282,75.5921,299.8618,242.3735
205.3462,209.2692,236.2308,54.8462,329.1154,73.4231,298.2308,227.8461
196.8642,199.0137,236.3325,49.7739,331.1243,74.8428,291.6559,224.0826
194.7716,206.0837,226.4684,50.1359,321.0255,69.3548,289.3288,225.3026
186.2655,199.9877,226.0744,48.2162,324.7910,74.1091,284.9821,225.8806
177.4052,172.9604,242.8250,46.9668,344.0379,99.5197,278.6182,225.5132
177.6246,168.0487,245.7350,47.5458,344.7206,103.4943,276.6103,223.9971
192.7315,200.2973,230.9785,52.2445,318.0119,74.7281,279.7650,222.7809
183.4859,202.7598,211.4956,47.4336,307.4571,64.7382,279.4474,220.0643
190.1569,206.4794,218.4850,46.8118,307.7400,62.6474,279.4119,222.3150
195.5324,212.4691,219.8438,51.2463,306.9194,64.3767,282.6080,225.5996
209.3219,221.2674,221.4532,55.4722,300.3722,61.2467,288.2408,227.0420
214.2713,221.6758,225.0376,58.0288,311.6626,63.7278,300.8964,227.3748
199.4088,213.2062,222.3815,56.2265,314.5778,69.7187,291.6051,226.6983
199.6421,210.9108,224.0437,55.5110,317.8304,70.2378,293.4288,225.6376
200.0536,212.0319,220.6086,56.5846,315.2188,69.0951,294.6638,224.5423
210.1311,67.5724,290.5724,60.8690,304.3518,226.2207,223.9104,232.9242
207.2999,69.1792,287.2862,61.6334,302.6655,224.6542,222.6792,232.2001
211.9753,70.7382,291.5314,63.2329,306.6302,223.2802,227.0741,230.7855
208.0361,74.0742,289.0286,63.4173,309.9680,222.5569,228.9755,233.2138
209.9067,74.0484,296.4669,65.5621,311.8172,222.1356,225.2570,230.6219
184.4441,149.7610,241.1328,65.3578,358.7994,144.3876,302.1107,228.7908
179.4137,137.9283,243.4929,69.9259,354.9287,174.9328,290.8495,242.9352
184.9676,162.7770,236.7638,71.6158,361.7883,142.6525,309.9922,233.8137
181.8387,158.2711,233.4442,71.5301,360.8165,147.3085,309.2110,234.0496
178.2708,153.0028,233.1298,72.5430,361.1580,159.8350,306.2990,240.2948
199.1538,85.7692,284.9231,68.6154,316.6923,227.4615,230.9231,244.6154
194.0487,90.1865,264.9168,66.8628,317.4656,226.5303,246.5975,249.8540
173.0939,111.2248,246.0518,67.0390,335.3408,214.4697,262.3829,258.6555
190.8685,89.9932,266.8209,66.7607,316.1752,228.1111,240.2228,251.3436
180.3059,87.3764,278.9882,65.4470,315.0823,227.8706,216.4000,249.8000
196.4706,81.1177,293.5818,70.5875,310.8109,229.4783,213.6997,240.0085
206.0000,79.0000,310.0000,79.0000,310.0000,231.0000,206.0000,231.0000
200.7020,78.3287,297.2207,75.2483,302.1893,230.9301,205.6706,234.0105
179.7417,83.3484,259.8458,63.8946,299.9526,229.0401,219.8485,248.4939
177.3138,84.7461,244.2809,62.7295,298.7595,228.4352,231.7924,250.4518
165.3773,85.4258,245.3532,60.9625,296.2607,227.3908,216.2848,251.8541
168.8982,84.1340,236.5985,60.7314,294.1501,227.2198,226.4497,250.6223
181.5477,76.7648,248.5749,59.5551,291.7668,227.7761,224.7396,244.9857
157.9305,100.6018,220.3738,62.0338,313.2498,212.4045,250.8065,250.9725
165.2225,83.6939,235.2509,59.5858,291.7419,223.6790,221.7136,247.7871
171.0505,78.6760,247.9296,59.0291,290.1954,224.4167,213.3163,244.0636
165.7283,80.7056,239.0799,56.9742,291.9608,220.4244,218.6092,244.1558
169.7678,80.8287,241.9612,54.7162,300.3043,216.0176,228.1109,242.1301
163.7568,85.9860,241.2056,49.3436,312.5658,200.1732,235.1171,236.8156
172.2679,66.2100,253.3792,56.3783,273.7267,224.2452,192.6154,234.0769
158.4505,87.7805,226.6429,52.9739,302.7644,202.1098,234.5719,236.9164
160.6756,81.7735,221.1507,52.7217,294.1781,204.7380,233.7030,233.7897
164.0553,76.7922,223.3156,50.6959,291.5714,205.6933,232.3111,231.7896
169.4460,72.6228,224.3823,51.2317,286.3024,210.2539,231.3662,231.6450
167.0230,73.9451,222.4708,51.2619,286.9522,208.8832,231.5044,231.5664
171.9860,62.2218,239.9823,47.3476,277.0634,216.8611,209.0671,231.7353
169.5796,67.4758,230.5018,48.9343,280.4706,213.1176,219.5485,231.6591
176.1298,65.2230,246.8120,50.4975,281.6622,217.7787,210.9800,232.5042
172.2600,72.1695,238.7913,48.6277,295.7059,209.4733,229.1746,233.0151
173.5778,70.4911,239.6098,49.1904,291.8624,211.1734,225.8304,232.4741
174.8000,71.4000,230.9000,52.7000,284.8000,214.4000,228.7000,233.1000
184.4507,64.8066,250.6608,57.9908,267.8904,225.3642,201.6803,232.1800
182.6562,71.0213,243.4126,59.5744,274.5335,224.7545,213.7771,236.2014
181.8152,76.2562,240.9979,60.2863,284.3163,220.8194,225.1336,236.7893
187.9295,74.2626,252.4116,66.6122,271.4742,227.2827,206.9921,234.9332
185.6436,80.7611,249.5330,67.1550,282.8286,223.4994,218.9391,237.1055
187.5514,82.8950,251.5164,70.7112,280.7680,224.2823,216.8030,236.4661
186.0087,85.0407,250.4734,71.3248,282.6171,222.4006,218.1524,236.1165
198.0000,228.0000,198.0000,82.0000,273.0000,82.0000,273.0000,228.0000
186.2673,85.3956,255.8437,72.0725,284.8638,223.6218,215.2873,236.9450
188.1034,86.7586,255.8685,75.6949,280.3521,225.6568,212.5870,236.7205
191.0256,84.2286,267.7007,82.6312,270.7488,228.9427,194.0738,230.5401
183.7931,84.4828,260.9379,79.9448,269.7000,228.9000,192.5552,233.4380
185.5308,85.5044,250.2925,73.8473,277.8679,227.0438,213.1062,238.7009
191.3585,81.7547,264.8429,77.3676,273.8257,227.8313,200.3414,232.2184
196.9084,79.2461,278.4209,77.2580,282.0702,226.8763,200.5577,228.8644
193.4268,80.1447,277.3262,79.0959,279.1809,227.4727,195.2816,228.5215
184.3997,80.7394,257.8108,68.1335,284.4447,223.2368,211.0336,235.8427
185.9984,79.8022,264.5614,67.3566,289.2202,223.0146,210.6571,235.4603
186.8194,79.6722,266.6670,67.0230,291.6837,224.9412,211.8361,237.5903
187.1200,78.7095,269.3967,65.9287,294.0675,224.7468,211.7907,237.5276
187.9055,76.8315,272.6155,64.8524,295.2001,224.5576,210.4900,236.5367
188.5046,78.9657,272.9122,66.7915,295.8748,225.9988,211.4672,238.1730
186.5271,78.8274,268.9922,65.7636,294.0977,224.2419,211.6326,237.3057
195.9190,73.6813,277.5053,65.6034,293.3242,225.3738,211.7378,233.4517
188.2520,75.2314,267.6746,64.3017,289.9330,226.0459,210.5104,236.9756
196.3469,70.8916,272.3889,63.2176,288.8679,226.5087,212.8258,234.1827
199.4558,66.8363,276.9115,61.6726,287.8452,225.6770,210.3894,230.8407
190.8140,66.5605,265.4090,57.4121,285.8887,224.4005,211.2937,233.5489
193.3536,62.0758,266.6352,54.5422,284.1049,224.4752,210.8234,232.0088
195.0740,59.9490,265.8623,53.1185,282.4063,224.5748,211.6180,231.4053
204.4230,55.2758,273.0898,52.2103,280.8406,225.8286,212.1739,228.8940
203.0085,56.5621,272.0296,52.9672,281.1346,227.7846,212.1136,231.3795
199.3802,56.9963,266.0722,51.6845,280.1556,228.5097,213.4637,233.8215
197.4369,56.8513,262.7647,50.4919,280.0063,227.6100,214.6785,233.9693
196.2630,57.4986,262.2164,50.5562,280.7370,226.5014,214.7836,233.4438
199.0400,56.6945,261.2821,50.7922,277.8618,225.6338,215.6198,231.5361
198.1715,58.0253,257.3289,52.1929,274.4315,225.6617,215.2741,231.4941
190.3311,57.4679,257.9394,50.1720,276.7620,224.5940,209.1536,231.8899
190.6435,57.4356,257.9703,50.7030,275.4653,225.6535,208.1386,232.3861
189.8852,59.2833,256.4635,51.2562,277.4813,225.5803,210.9030,233.6075
185.3655,62.7814,256.4034,47.7381,292.8397,219.7986,221.8018,234.8420
192.4111,57.3577,262.0451,49.5181,281.6175,223.3676,211.9836,231.2072
194.2788,59.3745,259.2620,51.0433,281.5032,224.5252,216.5201,232.8564
191.5446,61.9767,260.3672,50.8763,288.1156,222.9168,219.2931,234.0172
198.5197,55.4176,269.0312,51.4047,278.9321,225.3778,208.4206,229.3907
217.0000,54.0000,277.0000,54.0000,277.0000,228.0000,217.0000,228.0000
205.0000,54.0000,276.0000,54.0000,276.0000,229.0000,205.0000,229.0000
201.0000,57.0000,280.0000,57.0000,280.0000,230.0000,201.0000,230.0000
207.4560,229.6270,221.8716,54.0193,289.0087,59.5306,274.5931,235.1383
202.2493,55.7172,282.2547,53.9652,286.0598,227.7286,206.0543,229.4806
203.0000,56.0000,280.0000,56.0000,280.0000,230.0000,203.0000,230.0000
200.9397,230.9541,202.2675,55.6914,282.3538,56.2981,281.0260,231.5608
200.6339,229.8609,207.7510,57.6261,285.8243,60.8522,278.7072,233.0871
197.4595,231.2432,226.2432,58.5405,298.8919,70.6486,270.1082,243.3513
195.6175,232.1529,228.8039,60.4495,300.9816,74.3998,267.7952,246.1033
196.7073,232.6342,215.8415,60.4268,289.7073,68.6341,270.5732,240.8415
194.6010,233.2544,223.9782,59.9285,295.5164,72.0536,266.1391,245.3795
194.4636,232.9125,228.3620,60.3390,305.4072,75.4728,271.5088,248.0464
191.3728,232.6061,233.7613,61.4822,302.5584,78.5236,260.1699,249.6476
187.5645,232.7679,235.2579,61.0716,304.0086,80.1691,256.3152,251.8653
190.6138,234.1496,224.1789,61.0245,297.3372,75.2082,263.7721,248.3334
190.8173,234.6094,221.6177,62.4895,295.4737,75.7058,264.6733,247.8258
190.3378,233.8560,219.7450,62.6027,292.8225,75.1514,263.4153,246.4047
189.3323,234.9805,254.3725,64.7920,314.7349,87.8604,249.6947,258.0489
190.9598,233.8177,256.8874,64.2896,314.7963,86.8097,248.8687,256.3378
192.5665,235.3727,224.7222,59.3627,300.2401,73.1593,268.0844,249.1693
196.7027,235.7838,226.1622,59.0270,298.1622,71.0270,268.7027,247.7838
200.6868,236.5250,237.3763,57.8630,306.0773,71.9712,269.3878,250.6332
204.4422,236.2073,236.0679,54.3596,312.0734,67.5780,280.4477,249.4257
208.6686,238.4026,233.8122,56.1120,315.0595,67.3186,289.9160,249.6091
210.1465,236.4531,245.7473,50.7099,324.6648,65.8357,289.0640,251.5789
214.6837,237.0992,254.0530,48.4545,330.3308,64.3734,290.9615,253.0180
219.2334,236.6120,258.0069,47.5912,336.3514,63.6618,297.5779,252.6827
222.9162,238.1973,252.9325,48.0946,333.8622,60.8730,303.8459,250.9757
226.5022,238.3744,260.2906,49.4666,334.2261,62.6908,300.4377,251.5986
226.3663,239.6540,244.0652,53.8157,329.3394,61.9371,311.6405,247.7753
231.7577,239.6758,259.1702,50.0728,333.4017,60.8051,305.9892,250.4081
235.4969,240.2258,258.1296,50.1107,336.5422,59.4455,313.9094,249.5606
239.8607,240.7503,255.1012,49.1558,333.7061,55.4084,318.4657,247.0030
242.9346,241.9300,249.4144,50.7768,329.5765,53.4941,323.0967,244.6473
230.9041,236.5891,302.1645,46.5617,347.6439,63.6165,276.3836,253.6439
239.6226,237.3207,295.5849,41.4528,344.8491,55.5283,288.8868,251.3962
231.1268,232.0452,300.3575,38.1991,352.7466,56.9095,283.5159,250.7556
240.9057,234.8302,297.7359,35.9245,348.0566,50.3019,291.2264,249.2076
238.5000,232.5000,304.7000,33.9000,362.3000,53.1000,296.0999,251.7000
240.3419,233.0168,305.8032,32.4095,370.7316,53.5966,305.2703,254.2040
233.9883,227.7789,305.5954,26.3080,370.1513,49.2525,298.5441,250.7235
257.7585,240.3187,276.4607,26.2830,366.1353,34.1186,347.4331,248.1543
259.8230,242.6549,274.1017,28.4734,366.2920,34.6195,352.0132,248.8009
230.2593,225.8480,300.8119,21.2455,371.7556,45.7088,301.2030,250.3114
232.7903,228.5447,294.1625,22.3341,361.7912,42.4617,300.4189,248.6723
232.1361,232.0251,288.6137,21.7362,355.3433,39.6579,298.8657,249.9468
229.5926,232.9435,280.4772,22.7682,346.1042,38.6568,295.2196,248.8321
225.5717,236.0845,273.6562,24.5128,337.8841,39.1100,289.7997,250.6817
219.9921,235.0339,269.1404,23.3183,332.8669,38.1119,283.7186,249.8275
210.1045,237.3854,258.1418,27.5385,326.5109,43.1892,278.4736,253.0361
199.4983,235.4790,250.8300,27.3006,322.4095,44.9503,271.0779,253.1288
217.5722,243.3878,231.2194,33.2220,315.7461,38.7108,302.0989,248.8765
211.5457,241.6413,228.2109,34.7150,313.1099,41.5525,296.4446,248.4788
200.3418,240.6503,212.9328,36.9060,304.5380,42.5670,291.9471,246.3113
188.1305,237.6549,227.6059,36.0487,307.7567,51.7426,268.2813,253.3488
177.6899,234.3139,217.5971,37.6284,300.3220,54.4132,260.4148,251.0986
165.5143,226.6645,217.6863,37.1063,296.3341,58.7525,244.1622,248.3107
154.8166,222.7905,205.8496,33.7794,288.7464,56.1615,237.7134,245.1726
146.2623,216.6678,215.0644,36.2534,297.2331,67.5889,228.4309,248.0033
140.5106,207.8593,212.5743,36.0150,297.2894,71.5407,225.2257,243.3850
131.4553,201.4872,201.7471,30.5071,292.2983,67.7338,222.0065,238.7138
127.5233,191.6965,207.7380,33.6978,297.5075,79.2731,217.2928,237.2717
123.8805,190.6752,206.9189,36.2757,296.3270,84.3607,213.2886,238.7603
119.4007,191.1687,203.2628,41.6147,293.8384,92.4048,209.9764,241.9588
115.1577,186.2169,200.3498,41.9399,291.0217,95.4795,205.8295,239.7565
115.0031,195.9543,189.4778,41.1638,281.9338,85.6474,207.4591,240.4379
107.3352,173.0435,200.3042,46.4132,294.6601,115.6872,201.6910,242.3175
103.0356,156.9616,202.2630,50.1014,294.9315,136.1507,195.7041,243.0110
100.4185,144.8776,205.5241,42.9095,297.8175,138.0427,192.7120,240.0108
114.1715,118.0629,233.3025,48.1879,305.4308,171.1608,186.2998,241.0357
108.6154,120.9231,226.5385,42.3077,304.0769,158.6154,186.1538,237.2308
103.7491,115.3870,223.9240,36.4842,305.0419,160.0331,184.8670,238.9359
100.2556,118.0979,214.0278,34.5102,301.9099,154.1274,188.1376,237.7152
103.7111,112.4875,221.4613,34.3879,303.4716,158.0341,185.7213,236.1338
82.4719,167.0449,168.3708,29.6067,281.0000,100.0000,195.1011,237.4382
83.0715,181.2668,160.7731,32.6795,276.5667,93.2321,198.8651,241.8194
106.4521,105.2176,223.8181,34.3551,306.6859,171.6048,189.3199,242.4673
92.5933,192.2157,158.5022,37.4731,268.4772,84.3144,202.5684,239.0569
113.0864,211.3814,160.8543,44.7764,252.8318,71.1476,205.0639,237.7526
121.8885,215.3378,163.8625,46.2762,248.6369,67.3237,206.6630,236.3853
127.3016,217.7180,167.6164,46.3803,247.0426,65.0688,206.7279,236.4065
107.3239,211.7694,151.5985,43.5259,250.7332,69.6140,206.4586,237.8575
104.7613,208.1528,147.4176,39.7725,250.0947,65.7840,207.4384,234.1644
122.6642,219.6682,161.3517,47.2327,247.3497,66.5272,208.6622,238.9627
143.7384,56.3109,236.3129,52.0546,244.5070,230.2755,151.9325,234.5318
145.7987,60.0136,238.7806,53.7451,250.6713,230.1233,157.6894,236.3917
136.4031,225.8506,140.1289,48.8764,243.4200,51.0509,239.6942,228.0251
138.8890,48.0112,246.9790,46.9194,248.7832,225.5376,140.6932,226.6294
138.2633,225.0149,148.6047,42.3172,251.5202,48.1427,241.1789,230.8403
139.5951,226.2191,152.5897,42.6701,247.7500,49.4071,234.7553,232.9561
138.5583,221.4731,154.7712,37.2359,247.4059,45.3877,231.1930,229.6250
145.6740,224.6692,147.0193,40.3505,240.0801,41.0298,238.7347,225.3484
142.3611,225.6522,151.2458,37.8022,241.6113,42.0762,232.7265,229.9263
146.0000,39.0000,238.0000,39.0000,238.0000,228.0000,146.0000,228.0000
146.4197,231.3619,149.0300,40.8086,237.1915,42.0163,234.5812,232.5696
150.5333,232.8687,156.1314,42.5333,245.1426,45.1513,239.5445,235.4866
155.9198,234.8018,157.0144,46.5292,241.0406,47.0177,239.9460,235.2904
153.0000,51.0000,242.0000,51.0000,242.0000,236.0000,153.0000,236.0000
151.0000,239.0000,151.0000,68.0000,240.0000,68.0000,240.0000,239.0000
150.0000,71.0000,235.0000,71.0000,235.0000,238.0000,150.0000,238.0000
149.0000,74.0000,240.0000,74.0000,240.0000,241.0000,149.0000,241.0000
147.0000,241.0000,147.0000,78.0000,238.0000,78.0000,238.0000,241.0000
148.0000,243.0000,148.0000,89.0000,239.0000,89.0000,239.0000,243.0000
147.0000,94.0000,240.0000,94.0000,240.0000,244.0000,147.0000,244.0000
142.3894,96.8407,227.5443,91.1637,237.5929,241.8938,152.4380,247.5708
142.0155,101.5540,226.5570,93.0144,241.6797,242.7293,157.1383,251.2689
123.0413,115.6492,208.6438,95.2214,243.7627,242.3862,158.1602,262.8141
140.4098,103.4206,234.2827,97.4288,243.5681,242.8999,149.6952,248.8918
136.8418,102.8580,233.6159,97.6551,241.4173,242.7625,144.6433,247.9654
133.1033,106.4042,229.9473,99.2833,240.4958,242.7430,143.6518,249.8638
127.7839,111.0237,223.2975,100.5769,238.8292,242.5812,143.3156,253.0280
131.2238,104.5303,225.1676,97.7508,235.4922,240.8202,141.5484,247.5996
143.0000,98.0000,233.0000,98.0000,233.0000,241.0000,143.0000,241.0000
142.8809,97.8988,228.0095,96.6469,230.1460,241.9243,145.0173,243.1762
149.0000,98.0000,228.0000,98.0000,228.0000,243.0000,149.0000,243.0000
148.6822,98.5430,221.8539,96.8145,225.2499,240.5768,152.0781,242.3053
158.9559,239.8818,162.3821,93.6964,226.3236,95.1951,222.8974,241.3804
166.8946,238.8821,175.1518,91.4325,227.8744,94.3850,219.6173,241.8346
164.6550,233.0873,184.6026,83.4803,234.1223,90.0830,214.1747,239.6899
163.6818,231.5313,195.0920,80.3698,243.0598,90.3371,211.6497,241.4986
181.3790,236.6416,194.6022,84.5741,238.8330,88.4203,225.6098,240.4878
177.5270,232.8888,194.9935,80.0564,247.9025,86.1031,230.4359,238.9355
176.9630,231.8859,196.2957,76.0878,259.4977,83.9304,240.1651,239.7285
182.2707,233.3460,195.1430,81.2198,261.3688,86.8235,248.4966,238.9497
187.9245,235.9691,189.0401,88.7124,256.0892,89.2204,254.9737,236.4771
183.9036,91.5387,256.9918,90.4479,259.1488,234.9679,186.0606,236.0588
186.0000,93.0000,264.0000,93.0000,264.0000,234.0000,186.0000,234.0000
175.6981,98.1045,257.6156,93.6035,265.3167,233.7628,183.3991,238.2638
183.4471,92.3472,266.5386,91.4030,268.1158,230.1919,185.0242,231.1361
188.5046,229.8739,200.4272,88.5059,273.9883,94.7099,262.0657,236.0778
192.5146,228.7458,206.8939,88.1482,277.9349,95.4138,263.5557,236.0114
197.9062,226.9473,204.5697,88.6781,267.0992,91.6915,260.4356,229.9608
205.7588,226.8600,214.4553,87.7160,271.1712,91.2607,262.4747,230.4047
214.9325,226.9819,217.2269,91.6140,275.1764,92.5962,272.8820,227.9641
202.5529,223.5223,223.3766,89.1147,284.5147,98.5868,263.6910,232.9944
219.0000,91.0000,273.0000,91.0000,273.0000,225.0000,219.0000,225.0000
224.0000,90.0000,273.0000,90.0000,273.0000,225.0000,224.0000,225.0000
223.6940,89.5023,275.4445,87.3900,280.9780,222.9601,229.2274,225.0723
223.5723,87.7654,278.8509,82.9882,290.7646,220.8475,235.4861,225.6247
226.2651,84.2267,292.1571,83.2130,294.2766,220.9803,228.3846,221.9941
216.5258,88.1413,272.7181,75.5807,304.5718,218.0840,248.3795,230.6446
221.5557,84.5363,273.8134,73.4818,304.6446,219.2291,252.3869,230.2836
221.1934,81.9374,270.5140,70.7704,303.8767,218.1222,254.5560,229.2892
220.3389,82.1087,266.7049,70.6236,303.2009,217.9594,256.8349,229.4446
218.2417,79.6671,264.0049,68.7511,299.1318,216.0144,253.3687,226.9304
219.3011,77.4962,265.7137,67.8792,296.1829,214.9261,249.7703,224.5431
219.9460,74.3243,266.8811,66.9135,290.0865,213.8811,243.1514,221.2919
209.2568,77.9026,260.3520,67.4099,289.8704,211.1516,238.7752,221.6444
207.3429,76.3161,260.1385,67.4346,284.2512,210.7709,231.4555,219.6524
205.9811,77.1577,259.8416,70.3598,277.6589,211.5285,223.7985,218.3264
200.6740,79.2457,256.3390,72.8674,272.2481,211.7112,216.5832,218.0894
194.3249,85.7492,251.9967,78.7004,268.2164,211.4069,210.5446,218.4557
194.6523,89.3064,252.3145,84.4434,262.9719,210.8096,205.3098,215.6727
197.0000,88.0000,252.0000,88.0000,252.0000,213.0000,197.0000,213.0000
195.3830,93.8094,249.6717,91.4491,254.8849,211.3528,200.5962,213.7132
198.0000,97.0000,251.0000,97.0000,251.0000,213.0000,198.0000,213.0000
196.0000,102.0000,251.0000,102.0000,251.0000,213.0000,196.0000,213.0000
193.0000,213.0000,193.0000,102.0000,250.0000,102.0000,250.0000,213.0000
191.6827,104.3562,245.7000,103.1000,248.2406,212.3432,194.2233,213.5995
187.1424,105.1710,241.6131,101.5992,248.8488,211.9444,194.3781,215.5162
181.6517,106.8427,237.9034,101.4854,248.3124,210.7798,192.0607,216.1371
175.0264,111.7093,225.4469,98.1635,255.1901,208.8743,204.7696,222.4201
178.2308,109.1538,235.7308,97.6538,258.0385,209.1923,200.5385,220.6923
190.8156,106.0741,262.1956,104.4141,264.6292,209.0551,193.2492,210.7151
189.8068,104.0779,263.1290,102.2896,265.7301,208.9334,192.4078,210.7217
184.0937,103.5415,243.0955,93.3296,262.6822,206.4973,203.6804,216.7092
179.4572,103.9463,236.9521,95.0247,254.1161,205.6372,196.6212,214.5588
168.0922,109.3196,221.9741,93.7767,253.7818,204.0437,199.9000,219.5865
173.2649,106.1704,233.4983,97.8623,248.7282,208.2789,188.4948,216.5869
177.2418,107.7657,215.6247,95.6448,250.5214,206.1511,212.1385,218.2720
174.5093,109.2234,219.2400,97.6800,247.8839,208.6751,203.1532,220.2186
181.4083,106.3407,221.8375,98.1178,244.7617,210.8282,204.3324,219.0511
181.3239,107.0136,223.7219,99.4425,243.8455,212.1347,201.4475,219.7058
179.8591,107.0098,224.0814,98.3233,246.3617,211.7504,202.1394,220.4369
180.1884,106.6446,223.1273,97.6048,246.9470,210.7480,204.0080,219.7878
180.5029,105.6494,221.8039,96.5631,247.0313,211.2331,205.7303,220.3193
176.5253,107.4665,226.6430,100.4500,242.6477,214.7693,192.5300,221.7858
179.6722,106.1366,221.2962,95.2050,251.9989,212.1114,210.3749,223.0430
175.4536,108.9292,223.5093,92.2142,263.2799,206.5548,215.2243,223.2698
169.8813,114.0766,218.2692,92.4443,267.9642,203.6042,219.5763,225.2365
175.7454,117.1676,223.2806,97.1226,269.2327,206.0947,221.6974,226.1396
183.4651,114.4377,223.6954,101.4221,259.6586,212.5810,219.4283,225.5967
177.7456,122.1893,219.8521,104.6450,264.3491,211.4379,222.2426,228.9822
183.7971,118.8437,234.3151,107.9629,257.8817,217.3793,207.3637,228.2601
188.8717,119.0752,254.0487,114.7301,260.9912,218.8672,195.8142,223.2124
183.3375,118.6898,246.7442,107.3671,266.2497,216.5983,202.8430,227.9209
176.7834,135.9363,229.3312,107.2739,284.9363,209.2166,232.3885,237.8790
183.9871,128.9713,231.4782,107.6822,279.6040,215.0396,232.1129,236.3287
189.0550,119.8165,250.3634,104.2296,278.3721,214.3969,217.0637,229.9838
186.1796,124.5179,236.6354,101.4524,286.5800,210.7063,236.1243,233.7718
187.8494,121.6664,237.4723,104.0582,276.7246,214.6784,227.1017,232.2865
175.2474,126.7278,223.6701,104.0296,275.2514,214.0697,226.8287,236.7678
169.2419,124.7574,220.6881,102.1522,269.4195,213.0581,217.9733,235.6633
171.5797,118.1817,218.5399,99.7056,262.5743,211.6265,215.6142,230.1026
173.1683,114.6832,212.8782,96.8822,263.3852,209.5515,223.6753,227.3525
170.3439,107.3379,212.8976,90.5404,259.6591,209.0030,217.1055,225.8005
176.2688,95.6251,219.4898,86.2605,246.4486,210.6861,203.2276,220.0507
185.0960,83.5280,221.7040,76.8720,245.4960,207.7280,208.8880,214.3840
178.4139,85.5203,219.5864,75.7887,250.9875,208.6393,209.8150,218.3710
174.0007,83.1567,219.3116,71.6069,253.6372,206.2690,208.3264,217.8188
174.4159,79.6287,222.7794,69.4784,251.7018,207.2848,203.3383,217.4351
192.0000,67.0000,236.0000,67.0000,236.0000,210.0000,192.0000,210.0000
194.7753,209.7702,196.3890,67.7658,242.9398,68.2948,241.3262,210.2992
190.8978,71.9551,240.4738,69.4763,247.5361,210.7232,197.9601,213.2020
183.2623,73.8194,234.5805,67.8323,250.8019,206.8731,199.4837,212.8602
178.0641,86.6755,231.1358,76.7245,255.2037,205.0868,202.1320,215.0377
179.3236,79.3475,238.0504,68.4721,262.9310,202.8276,204.2043,213.7029
195.0000,73.0000,254.0000,73.0000,254.0000,208.0000,195.0000,208.0000
198.9421,205.9689,202.9144,70.9092,256.7796,72.4935,252.8073,207.5532
198.0000,71.0000,259.0000,71.0000,259.0000,206.0000,198.0000,206.0000
197.4811,81.4453,265.5563,80.6152,267.1248,209.2302,199.0496,210.0604
202.0000,79.0000,275.0000,79.0000,275.0000,206.0000,202.0000,206.0000
201.3840,205.9413,205.8389,83.4305,286.2780,86.3556,281.8231,208.8663
201.0000,81.0000,289.0000,81.0000,289.0000,206.0000,201.0000,206.0000
203.0000,80.0000,294.0000,80.0000,294.0000,204.0000,203.0000,204.0000
206.0000,80.0000,301.0000,80.0000,301.0000,202.0000,206.0000,202.0000
212.0000,77.0000,311.0000,77.0000,311.0000,199.0000,212.0000,199.0000
217.5894,195.6765,222.2688,74.0103,322.6588,77.8715,317.9793,199.5377
223.5923,195.5997,228.2984,73.2422,328.6499,77.1019,323.9439,199.4594
228.8277,193.8957,231.9519,68.9238,331.0900,71.4022,327.9657,196.3741
235.7389,195.8761,240.5307,69.6910,336.7338,73.3443,331.9419,199.5294
231.9076,72.5647,320.3413,63.8305,333.6461,198.5411,245.2124,207.2753
229.5834,74.2339,308.6219,59.0342,335.2625,197.5649,256.2239,212.7646
221.2720,80.5434,286.5748,57.1013,336.9977,197.5649,271.6948,221.0070
229.8485,75.8530,288.3340,55.3831,338.2071,197.8775,279.7216,218.3474
231.0255,72.0815,292.8477,52.7045,337.9231,196.5166,276.1010,215.8937
244.7056,65.0684,312.0222,53.1251,337.3180,195.7016,270.0015,207.6449
252.4165,63.0764,306.4309,51.3733,337.0424,192.6575,283.0281,204.3605
251.8754,64.6483,299.5978,47.7466,348.9719,187.1558,301.2495,204.0574
255.4463,64.7829,298.1731,49.0415,350.8268,191.9585,308.1000,207.7000
255.2531,67.5638,292.2986,51.8321,352.4899,193.5728,315.4444,209.3045
259.4911,63.9715,297.2990,52.1566,342.9039,198.0925,305.0961,209.9075
260.9871,63.9562,302.3003,51.7590,345.9320,199.5439,304.6188,211.7411
255.6655,64.7295,302.3558,50.1388,349.3843,200.6299,302.6940,215.2206
256.8956,60.7777,308.5730,47.0753,348.9162,199.2268,297.2388,212.9291
246.9154,55.4210,297.9151,38.9565,349.6313,199.1505,298.6316,215.6150
241.9418,56.1947,295.9474,38.4676,349.5696,201.8283,295.5640,219.5553
245.9238,46.1916,303.9655,31.8604,346.1549,202.7272,288.1132,217.0585
250.2880,40.5840,309.9520,29.7360,341.5520,203.5360,281.8880,214.3840
252.4249,31.6567,310.1409,22.9322,337.1600,201.6735,279.4439,210.3980
258.0088,28.5563,316.6673,23.1095,333.6273,205.7560,274.9688,211.2029
255.1631,25.7740,309.2063,19.6559,330.5954,208.5930,276.5522,214.7111
250.1230,29.2081,306.5513,21.5285,332.4529,211.8496,276.0247,219.5292
248.3573,32.8298,306.2811,24.3116,334.1854,214.0609,276.2617,222.5792
245.5583,38.9820,306.2218,29.7345,335.0515,218.8580,274.3880,228.1055
239.7547,39.0912,304.7504,29.3027,333.4878,220.1193,268.4921,229.9078
230.2663,39.8246,305.3242,26.7500,338.9940,220.0398,263.9361,233.1144
226.6854,43.3107,313.6089,35.1617,331.4434,225.3959,244.5199,233.5450
233.7332,42.6633,324.1073,38.1446,333.6958,229.9152,243.3217,234.4339
226.0712,48.4008,332.6118,45.5406,337.7236,235.9537,231.1829,238.8139
219.9360,235.9719,221.6633,47.6942,341.6624,48.7951,339.9351,237.0728
211.0000,48.0000,343.0000,48.0000,343.0000,239.0000,211.0000,239.0000
198.0000,242.0000,198.0000,48.0000,341.0000,48.0000,341.0000,242.0000
194.8176,248.9914,196.2724,49.6735,347.4396,50.7769,345.9847,250.0948
190.0000,44.0000,341.0000,44.0000,341.0000,252.0000,190.0000,252.0000
174.9601,43.7312,315.2886,35.0286,328.9885,255.9387,188.6599,264.6412
177.8082,34.7869,295.1622,26.1187,312.1250,255.7692,194.7710,264.4374
166.3979,32.4897,271.6520,20.4870,298.6889,257.5793,193.4348,269.5820
128.5211,38.3452,222.4222,12.3726,289.9096,256.3654,196.0084,282.3381
132.2932,28.6929,220.0238,9.0292,275.8800,258.2338,188.1494,277.8975
140.2881,261.7935,141.5262,11.7056,260.2213,12.2932,258.9833,262.3811
130.0000,11.0000,245.0000,11.0000,245.0000,266.0000,130.0000,266.0000
118.3266,265.8250,119.4943,7.7715,227.1527,8.2586,225.9850,266.3121
105.5262,265.8292,113.2254,6.2567,211.4102,9.1689,203.7111,268.7414
92.2539,262.5616,108.3239,0.6211,200.9446,6.3033,184.8746,268.2438
77.8404,257.2541,108.0481,-1.1892,199.7947,9.5345,169.5870,267.9777
64.4010,253.7941,106.1958,-3.1669,198.2368,11.8036,156.4419,268.7646
55.6659,248.8372,105.1971,-5.0103,197.6057,13.0206,148.0745,266.8682
46.0225,248.0697,102.9463,2.9811,198.2443,25.1148,141.3205,270.2035
39.7863,250.4449,100.0221,0.6436,198.0927,24.2919,137.8570,274.0931
37.3442,253.4016,95.0179,6.4859,195.1394,29.8720,137.4657,276.7876
26.0415,250.6296,104.0756,12.7208,205.1460,45.8719,127.1119,283.7807
23.9749,254.7527,92.4318,19.8516,197.5182,50.4767,129.0613,285.3778
23.5377,258.9662,95.0465,27.6144,202.0757,60.6961,130.5670,292.0480
22.0069,255.2756,98.2533,27.9483,205.1475,63.8010,128.9011,291.1283
37.8614,264.5303,84.8514,36.2930,180.8133,56.0498,133.8232,284.2872
31.2610,265.8587,76.3412,39.1701,178.8553,59.5565,133.7751,286.2451
29.2870,265.9695,96.9924,42.1273,194.7692,71.7018,127.0639,295.5440
31.3000,267.1000,104.1000,48.7000,191.7000,77.9000,118.9000,296.3000
34.6935,267.1682,112.5541,51.2818,190.6428,79.4449,112.7822,295.3313
37.2095,265.2929,116.0101,57.1786,188.1440,84.4915,109.3434,292.6058
36.6289,263.1649,115.8557,57.1753,185.8814,84.1082,106.6546,290.0979
32.0462,244.1692,135.6769,62.8154,189.7385,93.7077,86.1077,275.0616
32.4105,241.3973,136.6372,64.4086,190.0399,95.8568,85.8132,272.8455
39.1048,241.0986,133.6772,72.2192,189.3410,103.3910,94.7686,272.2704
34.7094,241.3461,136.3049,70.4077,191.7484,103.3599,90.1528,274.2984
49.8311,241.8486,135.6472,72.9846,189.0906,100.1444,103.2745,269.0083
47.7469,240.7404,135.1750,71.3484,189.5587,99.4174,102.1306,268.8094
28.7789,221.2437,113.0647,59.5807,189.6087,99.4883,105.3229,261.1512
35.0766,225.9343,116.5053,64.4809,186.2512,99.6571,104.8225,261.1105
55.6017,221.8389,146.8703,63.8216,196.8450,92.6863,105.5764,250.7036
55.9773,220.2227,143.5413,62.3422,194.5294,90.6213,106.9654,248.5018
63.4098,207.5936,151.5883,57.0820,198.8210,84.7537,110.6425,235.2654
63.6957,202.5037,151.4242,57.2979,201.1488,87.3399,113.4204,232.5456
76.9310,208.8276,140.3966,60.7414,195.1897,84.2241,131.7241,232.3104
73.6342,206.2927,141.2439,59.8049,196.3512,85.2390,128.7415,231.7268
90.0431,212.9576,140.0855,67.0007,193.6720,85.3733,143.6297,231.3302
76.6000,209.2000,123.9000,67.3000,191.7000,89.9000,144.4000,231.8000
88.0338,212.7837,102.7323,79.1606,187.8129,88.5194,173.1143,222.1426
88.2217,210.6149,106.8013,76.5764,190.1989,88.1365,171.6193,222.1749
86.5624,210.7106,94.9271,82.4518,190.4556,88.6819,182.0908,216.9407
86.6498,210.9035,95.7919,82.9137,191.2335,89.7310,182.0914,217.7208
87.7611,207.2785,110.7017,72.5024,196.5548,87.1157,173.6142,221.8918
87.3294,206.5177,117.8471,69.1882,202.7647,88.0588,172.2471,225.3882
87.1904,202.2412,146.1659,64.0174,210.6982,91.5512,151.7227,229.7750
87.7659,202.1705,148.0786,62.5895,211.4138,89.9566,151.1011,229.5375
102.5624,204.3634,127.3899,70.2944,205.3104,84.7241,180.4828,218.7931
76.2906,185.1072,161.1707,60.6164,218.2031,99.5021,133.3230,223.9930
74.8017,173.2104,157.3475,59.0513,211.4570,98.1766,128.9111,212.3357
75.1292,170.7630,160.0456,56.9388,213.1745,96.5746,128.2580,210.3988
75.9231,176.3846,145.0923,55.3385,208.4154,91.5231,139.2462,212.5692
76.3136,175.8340,145.5795,56.3504,207.7890,92.4139,138.5232,211.8975
106.6578,196.6575,171.6668,71.7718,208.6787,91.0383,143.6697,215.9240
107.0361,196.8498,172.1064,71.9850,208.6919,91.0507,143.6216,215.9155
110.9085,93.8238,200.6993,84.9556,211.4719,194.0275,121.6811,202.8957
110.9703,92.9426,200.2613,84.3363,210.8628,194.3265,121.5718,202.9329
121.8571,96.8188,205.0961,81.5922,224.3356,186.7679,141.0965,201.9945
123.1349,190.0167,178.4769,73.7985,212.9076,90.1941,157.5656,206.4122
143.2996,197.4521,168.3962,73.7616,218.1731,83.8612,193.0765,207.5517
143.7675,197.8157,153.7825,76.5233,211.4717,81.2867,201.4568,202.5790
132.6011,86.4690,213.9416,76.4270,227.7489,188.2656,146.4084,198.3076
128.8184,90.2670,211.8265,76.7782,229.4751,185.3853,146.4670,198.8741
133.0000,81.0000,213.0000,81.0000,213.0000,197.0000,133.0000,197.0000
130.1649,86.6881,213.3708,79.6068,222.9546,192.2166,139.7487,199.2980
137.4589,89.9001,218.6124,84.3416,226.2637,196.0504,145.1102,201.6089
142.9599,85.5146,220.0387,83.4314,223.1131,197.1861,146.0343,199.2694
145.7249,201.7604,154.3272,84.1947,230.6988,89.7829,222.0964,207.3485
146.0000,90.0000,227.0000,90.0000,227.0000,201.0000,146.0000,201.0000
143.0000,200.0000,143.0000,88.0000,231.0000,88.0000,231.0000,200.0000
140.0000,200.0000,140.0000,87.0000,231.0000,87.0000,231.0000,200.0000
139.0000,199.0000,139.0000,84.0000,237.0000,84.0000,237.0000,199.0000
136.0000,84.0000,239.0000,84.0000,239.0000,200.0000,136.0000,200.0000
137.7766,200.9856,139.1535,83.9547,247.6679,85.2314,246.2910,202.2623
133.7652,200.9620,135.1536,82.9430,246.6794,84.2551,245.2909,202.2740
136.5971,196.9527,140.6363,77.1226,247.9863,80.7411,243.9471,200.5712
135.4603,192.6305,145.2246,72.6694,252.5715,81.4070,242.8073,201.3680
142.8807,191.1729,154.3372,66.5827,254.2396,75.7692,242.7831,200.3594
140.5882,194.3529,150.2059,69.3235,251.5294,77.1176,241.9117,202.1471
150.5803,183.0067,182.1822,65.3773,268.4762,88.5608,236.8743,206.1901
150.4936,182.2340,182.8561,63.0038,270.9648,86.9190,238.6024,206.1492
157.3409,60.7988,224.2159,56.9991,232.2768,198.8706,165.4018,202.6703
