1
81.3174,168.8020,84.1843,144.4334,106.8123,147.0956,103.9454,171.4641
82.0462,169.6994,86.2890,142.1214,107.7052,145.4162,103.4624,172.9942
79.6270,166.9622,87.9081,140.0487,107.7946,146.1676,99.5135,173.0811
82.0000,143.0000,106.0000,143.0000,106.0000,167.0000,82.0000,167.0000
77.7853,162.1317,90.0195,135.6244,107.9024,143.8781,95.6683,170.3854
73.7173,156.2349,95.9210,132.5509,109.0270,144.8378,86.8233,168.5218
76.2000,160.6000,90.2000,132.6000,109.0000,142.0000,95.0000,170.0000
72.0000,153.0000,95.5000,129.5000,109.0000,143.0000,85.5000,166.5000
79.0000,160.0000,79.0000,134.0000,106.0000,134.0000,106.0000,160.0000
79.0000,132.0000,106.0000,132.0000,106.0000,160.0000,79.0000,160.0000
77.0000,130.0000,106.0000,130.0000,106.0000,159.0000,77.0000,159.0000
75.0000,129.0000,105.0000,129.0000,105.0000,159.0000,75.0000,159.0000
75.0000,127.0000,106.0000,127.0000,106.0000,157.0000,75.0000,157.0000
75.0000,125.0000,107.0000,125.0000,107.0000,155.0000,75.0000,155.0000
74.0000,124.0000,106.0000,124.0000,106.0000,154.0000,74.0000,154.0000
65.9231,132.3846,102.0858,117.4941,112.1923,142.0385,76.0296,156.9290
73.0000,116.0000,104.0000,116.0000,104.0000,150.0000,73.0000,150.0000
68.7647,145.9412,78.5882,106.6471,104.2353,113.0588,94.4118,152.3529
69.5171,142.2537,77.6976,104.0780,103.7854,109.6683,95.6049,147.8439
73.0000,104.0000,102.0000,104.0000,102.0000,140.0000,73.0000,140.0000
73.0000,103.0000,103.0000,103.0000,103.0000,137.0000,73.0000,137.0000
74.0000,102.0000,105.0000,102.0000,105.0000,134.0000,74.0000,134.0000
72.5875,130.8995,73.9255,98.7886,106.2859,100.1369,104.9480,132.2478
75.0000,97.0000,109.0000,97.0000,109.0000,128.0000,75.0000,128.0000
75.0000,94.0000,110.0000,94.0000,110.0000,125.0000,75.0000,125.0000
77.0000,92.0000,111.0000,92.0000,111.0000,123.0000,77.0000,123.0000
75.5676,93.4054,113.8378,87.0270,118.5405,115.2432,80.2703,121.6216
81.0000,87.0000,118.0000,87.0000,118.0000,116.0000,81.0000,116.0000
83.0000,84.0000,121.0000,84.0000,121.0000,112.0000,83.0000,112.0000
85.0000,83.0000,123.0000,83.0000,123.0000,111.0000,85.0000,111.0000
86.0000,81.0000,125.0000,81.0000,125.0000,108.0000,86.0000,108.0000
86.0000,78.0000,127.0000,78.0000,127.0000,105.0000,86.0000,105.0000
86.0000,74.0000,125.0000,74.0000,125.0000,102.0000,86.0000,102.0000
86.0000,100.0000,86.0000,72.0000,124.0000,72.0000,124.0000,100.0000
86.0000,69.0000,122.0000,69.0000,122.0000,97.0000,86.0000,97.0000
85.0000,67.0000,119.0000,67.0000,119.0000,96.0000,85.0000,96.0000
83.0000,65.0000,116.0000,65.0000,116.0000,93.0000,83.0000,93.0000
81.0000,64.0000,113.0000,64.0000,113.0000,91.0000,81.0000,91.0000
79.0000,62.0000,110.0000,62.0000,110.0000,89.0000,79.0000,89.0000
79.0000,60.0000,109.0000,60.0000,109.0000,87.0000,79.0000,87.0000
76.7796,65.3992,107.6320,51.5156,117.3617,73.1372,86.5094,87.0208
81.2096,59.5720,109.8341,55.7555,113.2402,81.3013,84.6157,85.1179
80.1800,59.2600,108.8800,55.1600,112.5400,80.7800,83.8400,84.8800
71.0000,75.0000,95.5000,50.5000,110.0000,65.0000,85.5000,89.5000
78.0000,57.0000,104.0000,57.0000,104.0000,85.0000,78.0000,85.0000
79.0000,58.0000,104.0000,58.0000,104.0000,86.0000,79.0000,86.0000
79.0000,86.0000,79.0000,58.0000,105.0000,58.0000,105.0000,86.0000
81.0000,58.0000,106.0000,58.0000,106.0000,86.0000,81.0000,86.0000
81.0000,59.0000,106.0000,59.0000,106.0000,85.0000,81.0000,85.0000
82.0000,60.0000,106.0000,60.0000,106.0000,86.0000,82.0000,86.0000
81.0000,61.0000,106.0000,61.0000,106.0000,86.0000,81.0000,86.0000
82.0000,60.0000,105.0000,60.0000,105.0000,86.0000,82.0000,86.0000
81.0000,63.0000,105.0000,63.0000,105.0000,89.0000,81.0000,89.0000
81.0000,67.0000,106.0000,67.0000,106.0000,94.0000,81.0000,94.0000
83.0000,67.0000,108.0000,67.0000,108.0000,95.0000,83.0000,95.0000
84.0000,70.0000,109.0000,70.0000,109.0000,98.0000,84.0000,98.0000
80.2054,102.8324,90.7135,68.6811,110.3189,74.7135,99.8108,108.8649
84.0000,77.0000,109.0000,77.0000,109.0000,107.0000,84.0000,107.0000
85.0000,79.0000,110.0000,79.0000,110.0000,110.0000,85.0000,110.0000
87.0000,80.0000,112.0000,80.0000,112.0000,111.0000,87.0000,111.0000
87.0000,81.0000,112.0000,81.0000,112.0000,112.0000,87.0000,112.0000
88.0000,81.0000,114.0000,81.0000,114.0000,113.0000,88.0000,113.0000
91.0000,80.0000,117.0000,80.0000,117.0000,112.0000,91.0000,112.0000
88.1000,111.7000,100.2000,75.4000,121.5000,82.5000,109.4000,118.8000
91.2614,110.2697,101.0208,73.6722,123.6764,79.7137,113.9170,116.3112
91.8090,111.4944,100.1854,75.1966,122.5337,80.3539,114.1573,116.6517
93.0223,112.1242,103.5637,76.2834,124.7325,82.5096,114.1911,118.3503
93.0690,113.2354,102.9133,75.4991,125.4655,81.3823,115.6212,119.1186
93.1327,113.9912,102.9133,76.4991,125.2212,82.3186,115.4407,119.8106
93.6706,113.4824,101.7882,76.9529,125.0823,82.1294,116.9647,118.6588
93.0755,114.2642,100.0151,77.2528,123.8038,81.7132,116.8642,118.7245
92.1765,113.2941,101.4706,76.1177,123.8235,81.7059,114.5294,118.8824
92.9412,114.2353,102.4706,76.1177,124.3530,81.5882,114.8235,119.7059
91.1000,113.7000,103.8000,75.6000,124.8000,82.6000,112.1000,120.7000
92.1468,113.8440,103.7064,75.3119,124.6239,81.5872,113.0642,120.1193
91.5485,113.3408,103.3806,74.4637,124.1921,80.7976,112.3599,119.6748
92.4220,112.9266,103.7064,75.3119,124.3486,81.5046,113.0642,119.1193
92.5000,112.5000,105.2000,74.4000,125.6000,81.2000,112.9000,119.3000
92.4637,112.6194,103.7145,75.6523,123.8893,81.7924,112.6384,118.7595
93.1514,112.5081,104.6324,75.1946,124.8000,81.4000,113.3189,118.7135
92.2000,110.4000,104.5000,73.5000,124.6000,80.2000,112.3000,117.1000
93.1248,111.2864,104.0672,73.7696,125.4560,80.0080,114.5136,117.5248
92.4000,110.8000,104.9000,73.3000,125.3000,80.1000,112.8000,117.6000
93.5657,109.0980,106.5835,71.9042,126.7617,78.9666,113.7439,116.1604
95.1081,110.3513,101.2162,73.7027,124.8919,77.6486,118.7838,114.2973
94.5573,108.2583,106.2729,71.6473,126.5559,78.1379,114.8404,114.7489
98.2730,109.6792,102.5188,73.5904,125.6689,76.3140,121.4232,112.4027
99.1284,109.9455,101.3891,73.7743,125.4202,75.2763,123.1595,111.4475
100.1207,108.9483,102.2517,72.7207,126.3448,74.1379,124.2138,110.3655
99.0244,109.7805,103.0610,73.4512,126.4390,76.0488,122.4024,112.3781
99.1890,109.7041,102.9918,73.5781,126.4164,76.0438,122.6137,112.1699
102.0000,73.0000,126.0000,73.0000,126.0000,110.0000,102.0000,110.0000
102.0000,72.0000,127.0000,72.0000,127.0000,109.0000,102.0000,109.0000
96.7200,109.9600,102.1800,71.7400,125.5600,75.0800,120.1000,113.3000
98.5846,109.3231,103.3539,71.1692,126.4923,74.0615,121.7231,112.2154
101.5561,108.8778,103.3591,72.8180,127.1995,74.0100,125.3965,110.0698
98.9634,109.3293,103.1829,71.3537,127.4390,74.0488,123.2195,112.0244
101.6810,108.6991,103.4367,71.8303,129.2353,73.0588,127.4796,109.9276
104.0000,71.0000,130.0000,71.0000,130.0000,107.0000,104.0000,107.0000
104.0000,73.0000,130.0000,73.0000,130.0000,108.0000,104.0000,108.0000
103.0000,73.0000,129.0000,73.0000,129.0000,108.0000,103.0000,108.0000
103.0000,107.0000,103.0000,71.0000,130.0000,71.0000,130.0000,107.0000
102.6559,106.8828,104.4639,70.7232,131.2469,72.0624,129.4389,108.2220
104.4309,105.8122,106.2790,70.6989,133.3094,72.1216,131.4613,107.2348
104.0000,70.0000,133.0000,70.0000,133.0000,105.0000,104.0000,105.0000
102.2906,105.1170,109.4792,66.7774,135.2000,71.6000,128.0113,109.9396
101.4129,104.6239,113.1101,65.6330,136.2294,72.5688,124.5321,111.5596
100.9000,104.3000,113.6000,66.2000,136.4000,73.8000,123.7000,111.9000
101.0000,105.0000,113.8000,66.6000,136.3000,74.1000,123.5000,112.5000
98.0619,103.3608,115.2990,64.5773,136.1753,73.8557,118.9381,112.6392
97.8276,103.9310,113.8966,63.7586,135.4483,72.3793,119.3793,112.5517
93.3201,85.5553,130.5949,68.0142,140.3626,88.7706,103.0878,106.3116
101.4000,94.2000,117.8000,61.4000,137.8000,71.4000,121.4000,104.2000
100.6214,100.3675,113.6236,63.2183,135.4944,70.8731,122.4922,108.0223
108.0000,71.0000,130.0000,71.0000,130.0000,106.0000,108.0000,106.0000
110.0000,70.0000,132.0000,70.0000,132.0000,105.0000,110.0000,105.0000
101.3103,102.2759,116.6207,66.5517,135.5690,74.6724,120.2586,110.3966
106.9615,105.1923,114.2692,68.6539,134.4615,72.6923,127.1538,109.2308
110.0000,72.0000,131.0000,72.0000,131.0000,106.0000,110.0000,106.0000
109.0000,75.0000,131.0000,75.0000,131.0000,106.0000,109.0000,106.0000
109.2080,107.8805,111.3496,75.7566,133.7168,77.2478,131.5752,109.3717
111.0000,74.0000,132.0000,74.0000,132.0000,106.0000,111.0000,106.0000
109.0000,76.0000,131.0000,76.0000,131.0000,106.0000,109.0000,106.0000
109.0000,76.0000,131.0000,76.0000,131.0000,106.0000,109.0000,106.0000
110.0000,77.0000,132.0000,77.0000,132.0000,107.0000,110.0000,107.0000
109.0000,78.0000,132.0000,78.0000,132.0000,107.0000,109.0000,107.0000
110.0000,79.0000,133.0000,79.0000,133.0000,106.0000,110.0000,106.0000
104.0000,80.0000,130.0000,80.0000,130.0000,108.0000,104.0000,108.0000
104.0000,81.0000,130.0000,81.0000,130.0000,109.0000,104.0000,109.0000
107.0000,79.0000,132.0000,79.0000,132.0000,108.0000,107.0000,108.0000
107.0000,80.0000,130.0000,80.0000,130.0000,109.0000,107.0000,109.0000
104.0000,79.0000,128.0000,79.0000,128.0000,109.0000,104.0000,109.0000
102.0912,87.6241,122.8942,77.9161,135.0547,103.9745,114.2518,113.6825
106.0000,88.0000,130.0000,88.0000,130.0000,113.0000,106.0000,113.0000
98.7931,96.5173,127.1552,84.3621,134.5517,101.6207,106.1897,113.7759
103.0000,90.0000,130.0000,90.0000,130.0000,113.0000,103.0000,113.0000
106.0000,90.0000,133.0000,90.0000,133.0000,114.0000,106.0000,114.0000
108.0000,91.0000,134.0000,91.0000,134.0000,115.0000,108.0000,115.0000
109.0000,91.0000,135.0000,91.0000,135.0000,114.0000,109.0000,114.0000
109.0000,90.0000,135.0000,90.0000,135.0000,113.0000,109.0000,113.0000
110.0000,90.0000,136.0000,90.0000,136.0000,113.0000,110.0000,113.0000
106.2412,109.3353,123.8647,81.6412,139.9765,91.8941,122.3529,119.5882
107.1351,106.8108,126.3243,79.9459,142.0270,91.1622,122.8378,118.0270
110.3133,107.1159,127.4464,79.2747,143.6824,89.2661,126.5493,117.1073
109.1907,106.7399,130.2052,78.0838,145.6387,89.4017,124.6243,118.0578
110.2400,105.6800,132.8000,75.6000,148.4800,87.3600,125.9200,117.4400
109.7676,106.1946,132.6432,74.7405,149.4108,86.9351,126.5352,118.3892
116.0000,83.0000,147.0000,83.0000,147.0000,110.0000,116.0000,110.0000
117.0000,81.0000,150.0000,81.0000,150.0000,108.0000,117.0000,108.0000
119.0000,81.0000,153.0000,81.0000,153.0000,108.0000,119.0000,108.0000
119.0000,81.0000,155.0000,81.0000,155.0000,107.0000,119.0000,107.0000
119.0000,82.0000,155.0000,82.0000,155.0000,107.0000,119.0000,107.0000
121.0000,83.0000,158.0000,83.0000,158.0000,108.0000,121.0000,108.0000
121.0000,82.0000,158.0000,82.0000,158.0000,107.0000,121.0000,107.0000
122.0000,82.0000,159.0000,82.0000,159.0000,106.0000,122.0000,106.0000
122.0000,81.0000,158.0000,81.0000,158.0000,104.0000,122.0000,104.0000
123.0000,81.0000,158.0000,81.0000,158.0000,105.0000,123.0000,105.0000
124.0000,79.0000,160.0000,79.0000,160.0000,103.0000,124.0000,103.0000
123.0000,78.0000,158.0000,78.0000,158.0000,102.0000,123.0000,102.0000
124.0000,101.0000,124.0000,77.0000,158.0000,77.0000,158.0000,101.0000
124.0000,77.0000,157.0000,77.0000,157.0000,100.0000,124.0000,100.0000
122.0000,76.0000,155.0000,76.0000,155.0000,99.0000,122.0000,99.0000
123.0000,76.0000,155.0000,76.0000,155.0000,100.0000,123.0000,100.0000
124.0000,75.0000,156.0000,75.0000,156.0000,99.0000,124.0000,99.0000
125.0000,76.0000,158.0000,76.0000,158.0000,98.0000,125.0000,98.0000
125.0000,76.0000,158.0000,76.0000,158.0000,98.0000,125.0000,98.0000
126.0000,75.0000,159.0000,75.0000,159.0000,97.0000,126.0000,97.0000
127.0000,74.0000,158.0000,74.0000,158.0000,97.0000,127.0000,97.0000
127.0000,74.0000,157.0000,74.0000,157.0000,98.0000,127.0000,98.0000
128.0000,73.0000,159.0000,73.0000,159.0000,97.0000,128.0000,97.0000
128.0000,73.0000,158.0000,73.0000,158.0000,97.0000,128.0000,97.0000
132.0000,72.0000,163.0000,72.0000,163.0000,96.0000,132.0000,96.0000
133.0000,72.0000,163.0000,72.0000,163.0000,95.0000,133.0000,95.0000
134.0000,70.0000,165.0000,70.0000,165.0000,94.0000,134.0000,94.0000
134.0000,71.0000,164.0000,71.0000,164.0000,94.0000,134.0000,94.0000
133.0000,70.0000,161.0000,70.0000,161.0000,95.0000,133.0000,95.0000
134.0000,70.0000,162.0000,70.0000,162.0000,94.0000,134.0000,94.0000
136.0000,70.0000,162.0000,70.0000,162.0000,95.0000,136.0000,95.0000
136.0000,71.0000,160.0000,71.0000,160.0000,97.0000,136.0000,97.0000
137.0000,72.0000,160.0000,72.0000,160.0000,97.0000,137.0000,97.0000
138.0000,72.0000,160.0000,72.0000,160.0000,97.0000,138.0000,97.0000
138.0000,72.0000,159.0000,72.0000,159.0000,97.0000,138.0000,97.0000
131.0000,89.0000,151.5000,68.5000,163.0000,80.0000,142.5000,100.5000
132.5000,88.5000,153.0000,68.0000,164.0000,79.0000,143.5000,99.5000
142.0000,74.0000,161.0000,74.0000,161.0000,99.0000,142.0000,99.0000
143.0000,75.0000,163.0000,75.0000,163.0000,99.0000,143.0000,99.0000
144.0000,76.0000,164.0000,76.0000,164.0000,101.0000,144.0000,101.0000
144.0000,78.0000,164.0000,78.0000,164.0000,103.0000,144.0000,103.0000
144.0000,79.0000,165.0000,79.0000,165.0000,103.0000,144.0000,103.0000
138.5616,87.8356,164.7055,75.9520,171.7603,91.4726,145.6164,103.3562
138.5384,93.3077,163.0000,77.0000,172.0769,90.6154,147.6154,106.9231
138.4000,90.8000,165.2000,77.4000,172.0000,91.0000,145.2000,104.4000
139.0378,88.1321,166.6415,80.2453,170.7547,94.6415,143.1510,102.5283
136.7908,91.0738,164.0431,81.4554,168.5108,94.1139,141.2585,103.7323
136.2353,104.0588,158.3846,83.9231,165.5792,91.8371,143.4299,111.9729
144.1328,92.1696,172.5104,83.8928,175.6128,94.5296,147.2352,102.8064
133.0400,105.7200,155.9200,88.5600,164.5600,100.0800,141.6800,117.2400
140.1615,120.7923,148.6692,109.8538,168.9538,125.6308,160.4462,136.5692
139.0000,121.0000,148.6018,110.0266,168.0708,127.0620,158.4690,138.0354
137.3059,120.9765,147.0471,109.6118,166.0706,125.9176,156.3294,137.2823
135.3310,119.6276,144.6552,109.1379,164.0207,126.3517,154.6965,136.8414
133.3931,119.6827,143.2138,108.6345,162.0207,125.3517,152.2000,136.4000
133.6308,114.9539,143.0462,107.6308,158.6077,127.6385,149.1923,134.9615
137.5931,109.0828,154.0069,108.1172,155.4552,132.7379,139.0414,133.7035
133.6623,106.3148,147.0951,103.1541,153.2852,129.4623,139.8524,132.6230
128.0000,107.0000,138.4000,101.8000,151.6000,128.2000,141.2000,133.4000
125.9911,102.4031,137.0824,98.5212,146.9354,126.6726,135.8441,130.5546
124.5839,101.6058,136.3066,97.3431,146.7299,126.0073,135.0073,130.2701
124.9411,127.4142,126.0953,99.7123,142.1508,100.3813,140.9965,128.0832
139.3274,103.0885,140.2832,88.7522,161.8540,90.1903,160.8982,104.5266
137.0000,104.0000,137.0000,89.0000,161.0000,89.0000,161.0000,104.0000
134.0000,89.0000,160.0000,89.0000,160.0000,104.0000,134.0000,104.0000
132.0000,89.0000,158.0000,89.0000,158.0000,105.0000,132.0000,105.0000
130.0000,88.0000,156.0000,88.0000,156.0000,105.0000,130.0000,105.0000
126.3059,100.6235,130.0941,83.5765,155.2941,89.1765,151.5059,106.2235
124.0000,87.0000,151.0000,87.0000,151.0000,105.0000,124.0000,105.0000
123.0000,87.0000,149.0000,87.0000,149.0000,105.0000,123.0000,105.0000
121.0000,86.0000,146.0000,86.0000,146.0000,107.0000,121.0000,107.0000
120.0000,85.0000,145.0000,85.0000,145.0000,107.0000,120.0000,107.0000
120.0000,85.0000,145.0000,85.0000,145.0000,107.0000,120.0000,107.0000
119.0000,85.0000,143.0000,85.0000,143.0000,108.0000,119.0000,108.0000
114.5756,107.4195,127.5707,79.2634,143.9317,86.8146,130.9366,114.9707
112.6000,109.8000,127.6000,79.8000,144.0000,88.0000,129.0000,118.0000
117.0000,86.0000,142.0000,86.0000,142.0000,112.0000,117.0000,112.0000
113.7751,110.2604,126.4083,79.5799,145.4704,87.4290,132.8373,118.1095
118.0000,86.0000,145.0000,86.0000,145.0000,113.0000,118.0000,113.0000
115.0000,113.0000,125.7000,80.9000,146.4000,87.8000,135.7000,119.9000
121.0000,85.0000,148.0000,85.0000,148.0000,113.0000,121.0000,113.0000
115.8000,111.4000,132.0000,79.0000,150.0000,88.0000,133.8000,120.4000
117.1219,109.9331,133.7578,78.0476,152.2125,87.6761,135.5765,119.5617
118.5214,111.1511,135.7292,78.0592,153.0151,87.0479,135.8073,120.1398
121.5463,111.4829,137.3512,77.2390,155.1707,85.4634,139.3659,119.7073
121.6000,110.8000,138.8000,76.4000,157.2000,85.6000,140.0000,120.0000
124.3276,112.5690,139.7931,76.4828,158.1379,84.3448,142.6724,120.4310
124.3249,110.5290,142.7607,75.0756,160.8337,84.4736,142.3980,119.9270
124.3873,109.7369,144.0487,74.6273,161.8928,84.6200,142.2314,119.7296
126.2040,109.7772,145.5033,74.1477,163.2859,83.7799,143.9866,119.4094
126.9118,107.1470,148.0000,72.0000,165.9412,82.7647,144.8529,117.9118
130.4000,109.2000,148.6000,72.8000,167.4000,82.2000,149.2000,118.6000
129.2035,104.4774,153.0428,70.8220,169.4960,82.4763,145.6567,116.1318
130.9303,104.0355,155.8692,70.2946,172.5147,82.5978,147.5758,116.3386
133.0727,101.7960,158.9226,68.7655,174.9121,81.2790,149.0621,114.3095
134.9615,99.8077,163.1031,68.3554,178.4785,82.1123,150.3369,113.5646
145.0000,77.0000,179.0000,77.0000,179.0000,106.0000,145.0000,106.0000
147.0000,77.0000,182.0000,77.0000,182.0000,105.0000,147.0000,105.0000
150.0000,76.0000,186.0000,76.0000,186.0000,103.0000,150.0000,103.0000
145.9412,88.2353,182.1176,66.5294,193.4118,85.3530,157.2353,107.0588
155.0000,74.0000,192.0000,74.0000,192.0000,100.0000,155.0000,100.0000
157.0000,73.0000,194.0000,73.0000,194.0000,99.0000,157.0000,99.0000
158.0000,72.0000,195.0000,72.0000,195.0000,97.0000,158.0000,97.0000
159.0000,71.0000,196.0000,71.0000,196.0000,97.0000,159.0000,97.0000
158.0000,70.0000,194.0000,70.0000,194.0000,96.0000,158.0000,96.0000
158.0000,69.0000,194.0000,69.0000,194.0000,94.0000,158.0000,94.0000
158.0000,69.0000,194.0000,69.0000,194.0000,93.0000,158.0000,93.0000
157.0000,68.0000,193.0000,68.0000,193.0000,93.0000,157.0000,93.0000
156.0000,66.0000,192.0000,66.0000,192.0000,92.0000,156.0000,92.0000
156.0000,64.0000,191.0000,64.0000,191.0000,91.0000,156.0000,91.0000
157.0000,89.0000,157.0000,62.0000,191.0000,62.0000,191.0000,89.0000
157.0000,60.0000,191.0000,60.0000,191.0000,88.0000,157.0000,88.0000
158.0000,60.0000,192.0000,60.0000,192.0000,87.0000,158.0000,87.0000
152.0000,77.0000,181.5000,47.5000,197.0000,63.0000,167.5000,92.5000
152.1059,74.6235,184.5529,46.8118,198.4588,63.0353,166.0118,90.8471
154.2018,75.6606,183.6183,44.4055,199.9945,59.8184,170.5780,91.0734
154.2496,74.7357,184.2561,42.9641,199.4959,57.3573,169.4894,89.1289
156.0552,73.9379,185.0207,41.3517,199.9793,54.6483,171.0138,87.2345
168.0000,50.0000,203.0000,50.0000,203.0000,79.0000,168.0000,79.0000
169.0000,48.0000,204.0000,48.0000,204.0000,77.0000,169.0000,77.0000
170.0000,47.0000,206.0000,47.0000,206.0000,75.0000,170.0000,75.0000
171.0000,45.0000,207.0000,45.0000,207.0000,72.0000,171.0000,72.0000
163.7618,64.3361,195.2985,34.5514,209.9967,50.1142,178.4600,79.8989
164.5000,63.5000,195.0000,33.0000,211.0000,49.0000,180.5000,79.5000
164.9321,65.4377,194.3208,33.3774,211.5736,49.1925,182.1849,81.2528
163.1195,63.0331,196.8355,33.9148,211.4734,50.8639,177.7574,79.9822
162.9412,63.2353,197.2353,32.0588,211.9865,48.2851,177.6923,79.4615
164.1870,64.1112,198.8923,34.1385,212.9680,50.4367,178.2627,80.4095
163.9124,63.4202,199.4719,34.0450,213.4551,50.9719,177.8955,80.3472
164.5176,65.0607,198.0767,34.0831,212.9904,50.2396,179.4313,81.2173
164.1676,61.6054,201.0919,34.7514,215.2324,54.1946,178.3081,81.0487
163.8328,61.9215,199.5307,33.7389,214.5819,52.8038,178.8840,80.9863
165.2069,65.4828,198.9103,35.5241,215.0207,53.6483,181.3172,83.6069
165.2623,64.1148,200.0820,35.0984,214.5902,52.5082,179.7705,81.5246
165.7332,66.4034,198.1906,35.5690,213.4954,51.6794,181.0381,82.5138
165.4377,66.9321,198.0868,37.0038,212.9887,53.2604,180.3396,83.1887
164.7846,67.0939,198.2652,36.9613,213.0332,53.3702,179.5525,83.5028
164.9054,63.0676,201.6081,36.8513,214.9189,55.4865,178.2162,81.7027
172.0000,47.0000,212.0000,47.0000,212.0000,75.0000,172.0000,75.0000
165.4459,63.8243,201.2027,38.2838,214.7838,57.2973,179.0270,82.8378
172.0000,48.0000,211.0000,48.0000,211.0000,76.0000,172.0000,76.0000
172.0000,48.0000,212.0000,48.0000,212.0000,76.0000,172.0000,76.0000
164.7528,61.4045,202.2360,37.9775,215.0450,58.4719,177.5618,81.8989
171.0000,49.0000,211.0000,49.0000,211.0000,77.0000,171.0000,77.0000
168.5354,51.0310,209.6195,48.2920,211.4204,75.3053,170.3363,78.0443
171.0000,49.0000,211.0000,49.0000,211.0000,77.0000,171.0000,77.0000
171.0000,50.0000,212.0000,50.0000,212.0000,77.0000,171.0000,77.0000
171.0000,49.0000,212.0000,49.0000,212.0000,77.0000,171.0000,77.0000
169.0000,49.0000,210.0000,49.0000,210.0000,77.0000,169.0000,77.0000
169.0000,49.0000,211.0000,49.0000,211.0000,76.0000,169.0000,76.0000
166.2759,52.3103,208.6483,48.7793,210.8000,74.6000,168.4276,78.1310
169.0000,49.0000,211.0000,49.0000,211.0000,76.0000,169.0000,76.0000
169.0000,50.0000,211.0000,50.0000,211.0000,76.0000,169.0000,76.0000
169.0000,50.0000,211.0000,50.0000,211.0000,76.0000,169.0000,76.0000
171.0000,49.0000,212.0000,49.0000,212.0000,76.0000,171.0000,76.0000
170.0000,50.0000,211.0000,50.0000,211.0000,76.0000,170.0000,76.0000
170.0000,49.0000,211.0000,49.0000,211.0000,76.0000,170.0000,76.0000
170.0000,49.0000,212.0000,49.0000,212.0000,76.0000,170.0000,76.0000
171.0000,48.0000,212.0000,48.0000,212.0000,75.0000,171.0000,75.0000
171.0000,48.0000,212.0000,48.0000,212.0000,75.0000,171.0000,75.0000
170.0000,48.0000,212.0000,48.0000,212.0000,75.0000,170.0000,75.0000
169.0000,47.0000,211.0000,47.0000,211.0000,75.0000,169.0000,75.0000
170.0000,47.0000,212.0000,47.0000,212.0000,74.0000,170.0000,74.0000
169.0000,47.0000,211.0000,47.0000,211.0000,75.0000,169.0000,75.0000
168.0000,47.0000,209.0000,47.0000,209.0000,75.0000,168.0000,75.0000
169.0000,46.0000,210.0000,46.0000,210.0000,74.0000,169.0000,74.0000
169.0000,46.0000,209.0000,46.0000,209.0000,74.0000,169.0000,74.0000
169.0000,74.0000,169.0000,46.0000,208.0000,46.0000,208.0000,74.0000
169.0000,47.0000,207.0000,47.0000,207.0000,75.0000,169.0000,75.0000
168.0000,47.0000,206.0000,47.0000,206.0000,75.0000,168.0000,75.0000
166.0000,48.0000,203.0000,48.0000,203.0000,75.0000,166.0000,75.0000
166.0000,48.0000,203.0000,48.0000,203.0000,75.0000,166.0000,75.0000
168.0000,48.0000,205.0000,48.0000,205.0000,75.0000,168.0000,75.0000
166.0000,48.0000,204.0000,48.0000,204.0000,75.0000,166.0000,75.0000
165.0000,49.0000,203.0000,49.0000,203.0000,76.0000,165.0000,76.0000
164.0000,50.0000,201.0000,50.0000,201.0000,78.0000,164.0000,78.0000
163.0000,50.0000,200.0000,50.0000,200.0000,78.0000,163.0000,78.0000
163.0000,51.0000,199.0000,51.0000,199.0000,80.0000,163.0000,80.0000
162.0000,52.0000,199.0000,52.0000,199.0000,80.0000,162.0000,80.0000
161.0000,53.0000,198.0000,53.0000,198.0000,82.0000,161.0000,82.0000
160.0000,53.0000,198.0000,53.0000,198.0000,82.0000,160.0000,82.0000
159.0000,53.0000,196.0000,53.0000,196.0000,83.0000,159.0000,83.0000
157.0000,54.0000,195.0000,54.0000,195.0000,83.0000,157.0000,83.0000
157.0000,55.0000,195.0000,55.0000,195.0000,83.0000,157.0000,83.0000
156.0000,55.0000,193.0000,55.0000,193.0000,83.0000,156.0000,83.0000
155.0000,55.0000,191.0000,55.0000,191.0000,84.0000,155.0000,84.0000
153.0000,56.0000,188.0000,56.0000,188.0000,84.0000,153.0000,84.0000
152.0000,58.0000,183.0000,58.0000,183.0000,86.0000,152.0000,86.0000
152.0000,57.0000,183.0000,57.0000,183.0000,85.0000,152.0000,85.0000
154.0000,60.0000,188.0000,60.0000,188.0000,84.0000,154.0000,84.0000
155.0000,60.0000,192.0000,60.0000,192.0000,83.0000,155.0000,83.0000
154.0000,62.0000,192.0000,62.0000,192.0000,84.0000,154.0000,84.0000
152.6679,83.9596,153.3477,61.5257,192.6449,62.7165,191.9651,85.1505
152.0000,63.0000,191.0000,63.0000,191.0000,86.0000,152.0000,86.0000
152.2843,84.3142,153.3990,62.0199,192.0524,63.9526,190.9377,86.2469
153.0000,63.0000,191.0000,63.0000,191.0000,87.0000,153.0000,87.0000
152.0000,62.0000,190.0000,62.0000,190.0000,85.0000,152.0000,85.0000
152.1199,83.4819,153.2308,60.1539,191.8575,61.9932,190.7466,85.3213
152.0000,62.0000,190.0000,62.0000,190.0000,86.0000,152.0000,86.0000
150.1621,84.2448,151.5414,60.7965,190.1724,63.0690,188.7931,86.5172
150.2356,82.7617,152.6466,59.8575,191.8959,63.9890,189.4849,86.8932
148.8712,82.7233,151.2493,60.1315,190.8630,64.3014,188.4850,86.8932
149.0000,62.0000,188.0000,62.0000,188.0000,85.0000,149.0000,85.0000
149.0000,63.0000,188.0000,63.0000,188.0000,86.0000,149.0000,86.0000
148.1239,83.1416,149.6283,60.5752,189.9159,63.2611,188.4115,85.8274
148.0000,62.0000,188.0000,62.0000,188.0000,86.0000,148.0000,86.0000
145.9189,81.4865,149.8919,57.6486,190.5946,64.4324,186.6216,88.2703
145.1440,82.2080,149.4640,58.4480,191.1760,66.0320,186.8560,89.7920
147.0000,62.0000,188.0000,62.0000,188.0000,86.0000,147.0000,86.0000
144.6770,83.5846,147.5846,60.3231,190.0462,65.6308,187.1385,88.8923
147.0000,64.0000,188.0000,64.0000,188.0000,88.0000,147.0000,88.0000
147.0000,66.0000,188.0000,66.0000,188.0000,89.0000,147.0000,89.0000
147.0000,67.0000,188.0000,67.0000,188.0000,91.0000,147.0000,91.0000
145.1965,88.7225,148.6416,66.3295,190.8728,72.8266,187.4277,95.2197
144.5488,92.0610,147.1220,68.9024,189.9268,73.6585,187.3537,96.8171
147.0000,73.0000,189.0000,73.0000,189.0000,98.0000,147.0000,98.0000
144.6467,94.7285,147.2876,71.8409,189.8745,76.7548,187.2336,99.6423
143.8720,94.7040,147.9680,72.1760,189.7680,79.7760,185.6720,102.3040
