1
272.0000,84.0000,298.0000,84.0000,298.0000,132.0000,272.0000,132.0000
271.4929,130.7066,273.1983,81.2482,295.5166,82.0178,293.8112,131.4762
272.0000,80.0000,292.0000,80.0000,292.0000,131.0000,272.0000,131.0000
269.0000,78.0000,292.0000,78.0000,292.0000,132.0000,269.0000,132.0000
260.2235,130.4941,272.7177,74.2706,296.4353,79.5412,283.9412,135.7647
265.0000,75.0000,296.0000,75.0000,296.0000,131.0000,265.0000,131.0000
261.7565,134.2746,265.5658,75.2301,293.9638,77.0622,290.1544,136.1067
262.0000,76.0000,292.0000,76.0000,292.0000,137.0000,262.0000,137.0000
261.2598,131.8695,265.9901,68.7993,291.8447,70.7383,287.1144,133.8086
258.2751,128.9412,263.3062,66.8897,292.0363,69.2192,287.0051,131.2707
254.9562,126.4363,266.6605,63.2334,293.8037,68.2599,282.0995,131.4629
251.6591,128.7325,259.1047,63.5834,291.8767,67.3288,284.4311,132.4778
248.8607,128.5328,254.5410,66.0492,290.0656,69.2787,284.3853,131.7623
247.6800,130.2400,256.8400,66.1200,289.3200,70.7600,280.1600,134.8800
250.9466,132.4425,253.3370,67.9014,284.3315,69.0493,281.9412,133.5904
249.0000,69.0000,279.0000,69.0000,279.0000,134.0000,249.0000,134.0000
245.0000,68.0000,276.0000,68.0000,276.0000,133.0000,245.0000,133.0000
241.0000,67.0000,274.0000,67.0000,274.0000,132.0000,241.0000,132.0000
235.8397,134.9793,237.0386,67.8400,270.4744,68.4370,269.2755,135.5764
232.0000,71.0000,267.0000,71.0000,267.0000,136.0000,232.0000,136.0000
234.0000,74.0000,267.0000,74.0000,267.0000,141.0000,234.0000,141.0000
235.2624,143.6019,237.4341,74.1073,268.5287,75.0790,266.3571,144.5737
235.0000,74.0000,268.0000,74.0000,268.0000,144.0000,235.0000,144.0000
236.0242,141.6593,248.3857,69.9631,273.1998,74.2413,260.8383,145.9377
230.4595,139.7568,241.7378,68.3270,272.4459,73.1757,261.1675,144.6054
228.7145,137.9918,230.6582,69.9617,268.3703,71.0392,266.4266,139.0693
233.1463,134.6829,240.5488,68.0610,275.2317,71.9146,267.8292,138.5366
234.3800,133.3400,243.8600,66.9800,276.2000,71.6000,266.7200,137.9600
235.8124,136.1576,241.7937,67.3734,276.0995,70.3565,270.1182,139.1407
240.5544,70.5446,274.1188,67.1881,280.7524,133.5248,247.1881,136.8812
245.9025,132.9976,247.5749,64.4286,275.6070,65.1124,273.9346,133.6813
241.0000,64.0000,274.0000,64.0000,274.0000,134.0000,241.0000,134.0000
235.0000,63.0000,270.0000,63.0000,270.0000,132.0000,235.0000,132.0000
228.0000,132.0000,228.0000,64.0000,264.0000,64.0000,264.0000,132.0000
223.3183,134.4945,225.4495,64.1651,259.0853,65.1844,256.9541,135.5138
222.3621,138.6871,224.4918,66.2792,255.9058,67.2031,253.7761,139.6111
223.6452,139.9842,226.9325,66.0192,253.7906,67.2129,250.5032,141.1779
215.6917,138.4922,232.3953,62.5670,259.9802,68.6356,243.2766,144.5609
216.4425,137.9542,218.6145,64.1063,253.4373,65.1305,251.2653,138.9784
214.5854,135.2683,220.7580,64.2833,258.1276,67.5328,251.9550,138.5178
218.5118,134.4909,227.3234,65.4668,261.8040,69.8686,252.9924,138.8926
217.5099,140.0016,229.3493,67.4856,261.0154,72.6556,249.1761,145.1716
224.0000,75.0000,259.0000,75.0000,259.0000,149.0000,224.0000,149.0000
222.0000,75.0000,260.0000,75.0000,260.0000,149.0000,222.0000,149.0000
220.0000,78.0000,260.0000,78.0000,260.0000,152.0000,220.0000,152.0000
219.8452,78.1203,261.2805,75.1069,266.6064,148.3377,225.1710,151.3512
226.0000,77.0000,266.0000,77.0000,266.0000,152.0000,226.0000,152.0000
227.0000,81.0000,265.0000,81.0000,265.0000,159.0000,227.0000,159.0000
227.6686,159.8047,233.1574,80.2178,266.3101,82.5041,260.8213,162.0911
230.6312,161.0574,238.0082,79.9098,267.5820,82.5984,260.2049,163.7459
233.1845,158.4864,243.9426,78.5692,272.9931,82.4798,262.2350,162.3970
224.8942,154.4115,248.6205,78.1486,280.3697,88.0261,256.6434,164.2890
223.2292,150.9858,233.2089,77.8012,272.7911,83.1988,262.8114,156.3834
223.0412,149.0772,230.1526,76.1856,267.2870,79.8085,260.1756,152.7001
221.2049,152.7459,227.9672,78.3607,260.6967,81.3361,253.9344,155.7213
216.7834,158.1993,220.0555,79.6690,253.5390,81.0641,250.2669,159.5945
215.0399,80.9984,249.9041,79.6038,253.0831,159.0767,218.2188,160.4713
211.0000,76.0000,248.0000,76.0000,248.0000,156.0000,211.0000,156.0000
206.0238,75.8694,245.3119,73.3347,250.3731,151.7824,211.0850,154.3171
210.0000,71.0000,250.0000,71.0000,250.0000,151.0000,210.0000,151.0000
208.5520,150.8675,221.3070,69.2355,254.3747,74.4023,241.6197,156.0343
212.1906,72.9542,248.1758,71.5702,251.4402,156.4446,215.4550,157.8287
218.0000,73.0000,249.0000,73.0000,249.0000,160.0000,218.0000,160.0000
219.8330,159.9265,222.8379,71.2826,251.9570,72.2697,248.9521,160.9136
214.6056,154.2928,232.9002,66.4792,265.4060,73.2513,247.1115,161.0649
214.5289,148.4446,227.6771,66.2683,266.7177,72.5148,253.5694,154.6911
221.0000,69.0000,260.0000,69.0000,260.0000,152.0000,221.0000,152.0000
222.1472,150.9391,228.0000,69.0000,264.8122,71.6294,258.9594,153.5685
220.0966,156.8414,227.2828,70.6069,262.2897,73.5241,255.1035,159.7586
211.2639,157.6431,222.6283,70.5167,259.5223,75.3290,248.1580,162.4554
216.0000,75.0000,259.0000,75.0000,259.0000,159.0000,216.0000,159.0000
219.0000,78.0000,263.0000,78.0000,263.0000,162.0000,219.0000,162.0000
219.0000,74.0000,266.0000,74.0000,266.0000,158.0000,219.0000,158.0000
236.0000,75.0000,270.0000,75.0000,270.0000,162.0000,236.0000,162.0000
223.9363,83.7834,259.7771,73.2420,284.8567,158.5127,249.0159,169.0541
228.8800,83.1600,263.1800,78.2600,276.2599,169.8200,241.9600,174.7200
238.0000,78.0000,267.0000,78.0000,267.0000,173.0000,238.0000,173.0000
239.0000,77.0000,279.0000,77.0000,279.0000,168.0000,239.0000,168.0000
232.3452,164.7206,241.8466,74.4575,283.1260,78.8027,273.6247,169.0658
234.9412,157.2353,255.4706,75.1177,297.8235,85.7059,277.2941,167.8235
238.4097,162.2596,252.3195,76.0193,295.7069,83.0173,281.7972,169.2576
243.8646,167.5718,248.5000,79.5000,283.5608,81.3453,278.9254,169.4171
235.8210,170.1141,250.6876,77.6105,284.7541,83.0855,269.8875,175.5891
241.0000,82.0000,280.0000,82.0000,280.0000,173.0000,241.0000,173.0000
239.0000,82.0000,279.0000,82.0000,279.0000,170.0000,239.0000,170.0000
239.0000,80.0000,281.0000,80.0000,281.0000,167.0000,239.0000,167.0000
234.0031,83.8132,270.8697,75.2396,290.9672,161.6588,254.1006,170.2324
233.0000,79.0000,272.0000,79.0000,272.0000,170.0000,233.0000,170.0000
222.3171,166.1464,232.5610,73.9512,267.1342,77.7927,256.8903,169.9878
227.6499,166.8052,229.6130,72.5753,261.4742,73.2391,259.5110,167.4690
226.9686,159.9236,233.7926,67.7995,268.6385,70.3806,261.8145,162.5048
226.0000,67.0000,267.0000,67.0000,267.0000,154.0000,226.0000,154.0000
225.4341,151.9087,239.1359,66.9574,279.4736,73.4635,265.7718,158.4148
227.7090,152.0878,242.1086,68.5704,284.1686,75.8222,269.7691,159.3395
235.4862,72.2376,274.7458,70.1713,279.3619,157.8757,240.1022,159.9420
235.7782,74.4514,272.4474,72.1595,278.0156,161.2490,241.3463,163.5409
235.1842,77.9864,274.9659,75.0396,281.4898,163.1119,241.7080,166.0587
236.0000,75.0000,279.0000,75.0000,279.0000,164.0000,236.0000,164.0000
237.0000,74.0000,282.0000,74.0000,282.0000,164.0000,237.0000,164.0000
243.7698,77.6957,280.9648,71.7783,295.3068,161.9284,258.1118,167.8458
252.0000,73.0000,288.0000,73.0000,288.0000,169.0000,252.0000,169.0000
248.6085,170.4611,254.5975,71.6423,289.8619,73.7795,283.8729,172.5984
252.6427,73.7483,289.3573,70.2517,298.4944,166.1910,261.7798,169.6877
251.7054,161.8609,257.4017,67.8728,296.5911,70.2480,290.8948,164.2361
242.0081,151.4456,255.2644,61.9651,291.6510,67.3557,278.3947,156.8362
236.3178,151.5027,249.8770,62.0117,288.8609,67.9183,275.3016,157.4093
231.7636,153.7186,240.0976,57.8780,280.0563,61.3527,271.7224,157.1932
227.0000,60.0000,268.0000,60.0000,268.0000,157.0000,227.0000,157.0000
221.0000,59.0000,262.0000,59.0000,262.0000,154.0000,221.0000,154.0000
220.0000,45.0000,263.0000,45.0000,263.0000,138.0000,220.0000,138.0000
210.0000,53.0000,259.0000,53.0000,259.0000,142.0000,210.0000,142.0000
206.0000,56.0000,258.0000,56.0000,258.0000,144.0000,206.0000,144.0000
210.0000,55.0000,260.0000,55.0000,260.0000,143.0000,210.0000,143.0000
220.0000,56.0000,259.0000,56.0000,259.0000,149.0000,220.0000,149.0000
216.0000,61.0000,259.0000,61.0000,259.0000,154.0000,216.0000,154.0000
220.0000,64.0000,262.0000,64.0000,262.0000,156.0000,220.0000,156.0000
226.8814,154.9980,228.4294,63.6683,268.0620,64.3400,266.5141,155.6697
225.0000,65.0000,269.0000,65.0000,269.0000,153.0000,225.0000,153.0000
231.0000,62.0000,277.0000,62.0000,277.0000,149.0000,231.0000,149.0000
237.7863,148.2101,250.5018,64.2881,291.9740,70.5718,279.2585,154.4937
246.2000,154.4000,252.9588,66.5353,295.2471,69.7882,288.4882,157.6529
256.0000,68.0000,299.0000,68.0000,299.0000,158.0000,256.0000,158.0000
257.0000,67.0000,299.0000,67.0000,299.0000,158.0000,257.0000,158.0000
258.5964,68.2917,304.6013,64.3485,312.0843,151.6499,266.0794,155.5932
260.7647,69.9412,309.9101,68.3030,312.7869,154.6071,263.6415,156.2453
267.0000,68.0000,316.0000,68.0000,316.0000,152.0000,267.0000,152.0000
269.8108,150.1351,284.0811,64.5135,327.0540,71.6757,312.7838,157.2973
278.9722,155.2876,287.4340,67.8485,328.5649,71.8289,320.1031,159.2680
288.0000,73.0000,329.0000,73.0000,329.0000,158.0000,288.0000,158.0000
294.0000,73.0000,333.0000,73.0000,333.0000,159.0000,294.0000,159.0000
293.4903,159.9783,297.1180,74.7284,335.9200,76.3796,332.2924,161.6295
296.8366,151.2783,309.1751,69.8447,348.1589,75.7514,335.8205,157.1849
302.4054,152.5676,315.7027,72.7838,353.9730,79.1622,340.6757,158.9460
307.0000,81.0000,348.0000,81.0000,348.0000,161.0000,307.0000,161.0000
298.9580,84.2531,339.4228,75.3706,356.4779,153.0658,316.0131,161.9483
300.8020,83.0198,341.7921,78.9208,349.7228,158.2277,308.7327,162.3267
300.0000,81.0000,341.0000,81.0000,341.0000,160.0000,300.0000,160.0000
302.0000,81.0000,341.0000,81.0000,341.0000,160.0000,302.0000,160.0000
299.0000,80.0000,337.0000,80.0000,337.0000,158.0000,299.0000,158.0000
296.0000,81.0000,333.0000,81.0000,333.0000,159.0000,296.0000,159.0000
292.0000,79.0000,327.0000,79.0000,327.0000,160.0000,292.0000,160.0000
286.5172,158.0807,292.1424,75.5779,323.3157,77.7034,317.6905,160.2062
287.7964,156.9962,289.3572,72.7103,318.6064,73.2520,317.0456,157.5379
279.1628,149.7118,291.8098,69.0878,323.7685,74.1009,311.1216,154.7250
274.5545,144.4554,282.0793,69.2079,319.5050,72.9505,311.9802,148.1980
272.0000,69.0000,312.0000,69.0000,312.0000,144.0000,272.0000,144.0000
268.1585,74.4268,304.8171,70.3537,313.3293,146.9634,276.6707,151.0366
271.9669,73.6618,303.3995,70.5952,310.9729,148.2222,279.5403,151.2888
268.8000,147.6000,279.0616,65.5077,310.4462,69.4308,300.1847,151.5231
266.0000,74.0000,303.0000,74.0000,303.0000,152.0000,266.0000,152.0000
268.0000,74.0000,305.0000,74.0000,305.0000,147.0000,268.0000,147.0000
268.2053,145.6617,270.9601,74.0369,306.9070,75.4195,304.1521,147.0443
273.2661,79.5197,309.1858,78.0536,312.1206,149.9543,276.2008,151.4204
279.3154,80.1930,312.4546,79.4566,314.0889,152.9980,280.9496,153.7345
279.2080,78.1440,307.5440,72.9920,321.8480,151.6640,293.5120,156.8160
288.5056,73.3966,312.1743,71.3082,319.2558,151.5657,295.5872,153.6541
289.0000,66.0000,320.0000,66.0000,320.0000,146.0000,289.0000,146.0000
286.0000,78.0000,322.0000,78.0000,322.0000,147.0000,286.0000,147.0000
292.0000,77.0000,330.0000,77.0000,330.0000,147.0000,292.0000,147.0000
290.2080,83.1440,322.6800,77.2400,335.8800,149.8400,303.4080,155.7440
294.6642,82.8618,325.7226,79.9948,332.3661,151.9662,301.3077,154.8331
295.1160,150.7956,298.9889,77.2099,327.6464,78.7182,323.7735,152.3039
295.0000,77.0000,326.0000,77.0000,326.0000,147.0000,295.0000,147.0000
291.0000,80.0000,326.0000,80.0000,326.0000,145.0000,291.0000,145.0000
294.0000,80.0000,329.0000,80.0000,329.0000,145.0000,294.0000,145.0000
294.1790,85.9189,325.6089,82.6449,332.4015,147.8540,300.9716,151.1280
295.0487,86.6540,325.4987,82.6323,334.3895,149.9485,303.9395,153.9702
292.2799,86.0527,325.3022,81.5497,334.6491,150.0933,301.6268,154.5964
293.7755,148.1642,296.6698,81.5943,329.2604,83.0113,326.3660,149.5811
294.0862,89.1688,326.1086,84.3169,335.6014,146.9695,303.5790,151.8214
298.0000,86.0000,338.0000,86.0000,338.0000,148.0000,298.0000,148.0000
295.0000,86.0000,340.0000,86.0000,340.0000,143.0000,295.0000,143.0000
305.0000,86.0000,341.0000,86.0000,341.0000,146.0000,305.0000,146.0000
299.9782,92.6345,336.2192,87.8659,344.5003,150.8026,308.2593,155.5712
301.9010,142.4434,312.0904,79.6092,344.9032,84.9302,334.7138,147.7644
303.0000,82.0000,337.0000,82.0000,337.0000,148.0000,303.0000,148.0000
305.5809,147.7350,307.9618,81.0701,339.5644,82.1987,337.1834,148.8637
310.0000,86.0000,347.0000,86.0000,347.0000,144.0000,310.0000,144.0000
307.3137,140.6544,312.6689,83.5315,349.2537,86.9613,343.8984,144.0842
318.0000,89.0000,354.0000,89.0000,354.0000,146.0000,318.0000,146.0000
316.0000,86.0000,355.0000,86.0000,355.0000,146.0000,316.0000,146.0000
321.0000,82.0000,354.0000,82.0000,354.0000,145.0000,321.0000,145.0000
327.4435,82.1843,354.9637,81.5131,356.5737,147.5226,329.0535,148.1938
324.9299,141.9618,327.2892,75.9032,360.9962,77.1070,358.6369,143.1656
319.3248,139.7427,342.0930,73.1897,375.7346,84.6987,352.9665,151.2517
317.0000,89.0000,364.0000,89.0000,364.0000,144.0000,317.0000,144.0000
320.0000,90.0000,368.0000,90.0000,368.0000,146.0000,320.0000,146.0000
330.5732,139.8415,337.5000,77.5000,371.7439,81.3049,364.8171,143.6464
325.9657,139.5578,340.2527,73.8375,371.7635,80.6877,357.4765,146.4079
324.0278,147.0744,331.4956,77.3745,361.4023,80.5788,353.9345,150.2787
329.0000,82.0000,365.0000,82.0000,365.0000,148.0000,329.0000,148.0000
328.1949,141.7859,336.6227,70.7519,371.3541,74.8725,362.9264,145.9065
337.0000,77.0000,367.0000,77.0000,367.0000,146.0000,337.0000,146.0000
335.5529,78.0908,367.6212,77.4363,369.0612,147.9987,336.9929,148.6532
337.0000,79.0000,369.0000,79.0000,369.0000,151.0000,337.0000,151.0000
338.6958,74.1907,367.7464,71.3794,375.2031,148.4320,346.1526,151.2433
339.0000,73.0000,371.0000,73.0000,371.0000,146.0000,339.0000,146.0000
336.3618,69.7899,371.1012,67.6187,375.4630,137.4086,340.7237,139.5798
342.0000,73.0000,380.0000,73.0000,380.0000,140.0000,342.0000,140.0000
343.0000,74.0000,382.0000,74.0000,382.0000,140.0000,343.0000,140.0000
343.2489,83.3668,378.6856,78.6419,387.6201,145.6507,352.1834,150.3755
346.0000,86.0000,382.0000,86.0000,382.0000,151.0000,346.0000,151.0000
348.0000,89.0000,381.0000,89.0000,381.0000,157.0000,348.0000,157.0000
352.8154,156.7724,359.9837,87.9566,384.5711,90.5178,377.4028,159.3336
340.6309,157.7211,354.1047,91.5769,385.3632,97.9444,371.8894,164.0886
334.6767,158.0218,336.7484,93.7983,375.4179,95.0457,373.3462,159.2692
340.5572,96.2723,372.8462,95.2308,375.0291,162.9023,342.7401,163.9438
329.9304,97.3299,359.2121,93.4625,368.5193,163.9314,339.2376,167.7988
329.3368,94.4408,355.6965,93.5904,358.0322,165.9989,331.6725,166.8493
329.8311,93.0582,353.6510,90.9869,359.8649,162.4465,336.0450,164.5178
328.8196,153.9836,335.3196,82.4836,364.9836,85.1803,358.4836,156.6803
325.0000,89.0000,360.0000,89.0000,360.0000,154.0000,325.0000,154.0000
324.5151,154.1068,331.1233,91.3288,367.5096,95.1589,360.9014,157.9370
317.8493,100.7723,350.3816,93.3058,365.6540,159.8499,333.1217,167.3163
324.1641,98.4093,353.5461,93.3593,365.3339,161.9426,335.9518,166.9926
331.4153,96.6083,355.9333,95.5105,359.0874,165.9513,334.5694,167.0491
322.5472,161.5849,342.3207,92.3774,367.5472,99.5849,347.7736,168.7924
330.8572,160.9959,332.8189,92.3377,363.7080,93.2202,361.7463,161.8784
332.0000,94.0000,366.0000,94.0000,366.0000,157.0000,332.0000,157.0000
336.0000,96.0000,369.0000,96.0000,369.0000,161.0000,336.0000,161.0000
336.6195,99.6715,367.5222,96.5181,374.3936,163.8578,343.4909,167.0111
334.6215,100.8633,365.8329,97.8622,372.2858,164.9725,341.0743,167.9736
342.0448,167.4299,344.0155,98.4576,367.9674,99.1419,365.9967,168.1142
351.0000,98.0000,374.0000,98.0000,374.0000,167.0000,351.0000,167.0000
347.3116,157.9200,354.6382,94.9114,383.0907,98.2199,375.7641,161.2284
346.0000,97.0000,380.0000,97.0000,380.0000,153.0000,346.0000,153.0000
348.3105,153.1121,352.1866,96.2627,385.0339,98.5023,381.1578,155.3517
341.4000,103.2000,371.1074,96.8341,384.2781,158.2976,354.5707,164.6634
343.9991,103.6183,373.1816,99.3736,382.1425,160.9793,352.9599,165.2240
349.4043,163.5918,350.7388,99.5362,375.3115,100.0481,373.9770,164.1037
349.7192,162.7383,352.3674,99.1820,376.9913,100.2080,374.3431,163.7643
344.7448,157.9781,350.0032,96.6289,379.7560,99.1791,374.4976,160.5284
341.7973,157.2838,343.6996,98.3129,377.3419,99.3981,375.4397,158.3690
339.9556,103.1228,371.2286,99.4437,378.2184,158.8566,346.9454,162.5358
342.5685,101.6339,376.9412,100.3840,379.0726,158.9974,344.6999,160.2473
342.7104,109.5718,373.0852,106.2881,379.5343,165.9422,349.1595,169.2260
346.2130,160.9866,357.1795,101.4541,379.7555,105.6129,368.7890,165.1454
351.5781,164.7846,361.1652,101.5099,385.5745,105.2083,375.9874,168.4829
350.4795,157.6524,363.8045,99.3553,391.0931,105.5927,377.7680,163.8898
354.8649,152.8108,363.4324,101.4054,394.8919,106.6487,386.3243,158.0540
356.6216,152.2703,365.0270,101.8378,396.4865,107.0811,388.0811,157.5135
354.7260,109.4479,382.6562,104.1781,393.1478,159.7834,365.2176,165.0533
359.4594,106.2432,385.7710,104.1383,390.2321,159.9014,363.9205,162.0064
364.2654,161.5083,366.0507,104.3766,388.3414,105.0732,386.5561,162.2049
365.6749,107.3237,389.8672,105.3621,394.0777,157.2910,369.8854,159.2526
369.0000,104.0000,397.0000,104.0000,397.0000,155.0000,369.0000,155.0000
370.0000,104.0000,399.0000,104.0000,399.0000,156.0000,370.0000,156.0000
369.0000,105.0000,397.0000,105.0000,397.0000,156.0000,369.0000,156.0000
364.2229,107.9015,392.1033,106.3084,395.1106,158.9365,367.2303,160.5297
362.7935,108.6471,389.7234,107.5011,392.0000,161.0000,365.0701,162.1460
361.7539,160.9693,368.8924,103.8615,390.1847,106.5231,383.0462,163.6308
366.0000,159.0000,371.6238,102.7624,395.0891,105.1089,389.4653,161.3465
367.0000,102.0000,395.0000,102.0000,395.0000,151.0000,367.0000,151.0000
367.0000,101.0000,395.0000,101.0000,395.0000,152.0000,367.0000,152.0000
368.0000,105.0000,396.0000,105.0000,396.0000,155.0000,368.0000,155.0000
367.0000,101.0000,393.0000,101.0000,393.0000,151.0000,367.0000,151.0000
368.0000,101.0000,386.0000,101.0000,386.0000,149.0000,368.0000,149.0000
359.5493,150.4234,361.1151,100.3161,385.2790,101.0712,383.7131,151.1785
360.0000,104.0000,383.0000,104.0000,383.0000,154.0000,360.0000,154.0000
359.0000,101.0000,383.0000,101.0000,383.0000,150.0000,359.0000,150.0000
357.0000,104.0000,383.0000,104.0000,383.0000,153.0000,357.0000,153.0000
355.0000,105.0000,383.0000,105.0000,383.0000,154.0000,355.0000,154.0000
349.1386,99.3861,372.2079,97.0792,377.1980,146.9802,354.1287,149.2871
350.1284,143.7614,351.5899,95.5330,371.4505,96.1349,369.9890,144.3633
347.0000,97.0000,367.0000,97.0000,367.0000,148.0000,347.0000,148.0000
345.9818,97.3248,366.8584,96.7606,368.2365,147.7504,347.3599,148.3146
345.4230,97.1791,365.5585,95.2914,370.0106,142.7802,349.8751,144.6680
347.0000,97.0000,370.0000,97.0000,370.0000,144.0000,347.0000,144.0000
347.0000,99.0000,373.0000,99.0000,373.0000,147.0000,347.0000,147.0000
347.0000,104.0000,375.0000,104.0000,375.0000,151.0000,347.0000,151.0000
350.0000,98.0000,371.0000,98.0000,371.0000,146.0000,350.0000,146.0000
349.0000,98.0000,370.0000,98.0000,370.0000,147.0000,349.0000,147.0000
353.0000,107.0000,372.0000,107.0000,372.0000,159.0000,353.0000,159.0000
351.8446,108.3385,371.6892,107.6770,373.3851,158.5538,353.5405,159.2153
355.0000,105.0000,377.0000,105.0000,377.0000,154.0000,355.0000,154.0000
357.0000,106.0000,382.0000,106.0000,382.0000,154.0000,357.0000,154.0000
357.0000,106.0000,384.0000,106.0000,384.0000,153.0000,357.0000,153.0000
357.0000,106.0000,383.0000,106.0000,383.0000,152.0000,357.0000,152.0000
362.0000,109.0000,383.0000,109.0000,383.0000,155.0000,362.0000,155.0000
360.0000,117.0000,382.0000,117.0000,382.0000,166.0000,360.0000,166.0000
362.0000,111.0000,383.0000,111.0000,383.0000,160.0000,362.0000,160.0000
362.1923,106.6170,383.4055,105.7331,385.4003,153.6083,364.1871,154.4922
360.2409,108.5813,382.3090,106.2169,387.1589,151.4830,365.0908,153.8474
365.0000,113.0000,389.0000,113.0000,389.0000,159.0000,365.0000,159.0000
365.6510,115.2268,390.6548,114.3338,392.2497,158.9911,367.2459,159.8841
365.0000,113.0000,391.0000,113.0000,391.0000,157.0000,365.0000,157.0000
367.0000,117.0000,392.0000,117.0000,392.0000,162.0000,367.0000,162.0000
371.0000,119.0000,391.0000,119.0000,391.0000,168.0000,371.0000,168.0000
375.8319,113.4779,396.8054,112.0797,399.9956,159.9337,379.0222,161.3319
382.0000,108.0000,406.0000,108.0000,406.0000,155.0000,382.0000,155.0000
389.0000,108.0000,415.0000,108.0000,415.0000,153.0000,389.0000,153.0000
394.0000,113.0000,421.0000,113.0000,421.0000,156.0000,394.0000,156.0000
