1
530.2308,209.1538,536.5385,199.6923,561.6923,216.4615,555.3846,225.9230
528.4117,217.6471,534.3234,207.7941,561.5294,224.1177,555.6176,233.9706
526.3933,225.3708,532.4045,215.7528,559.3708,232.6068,553.3596,242.2248
524.2830,232.4906,529.9434,222.3019,557.5378,237.6321,551.8774,247.8208
522.8790,239.3885,528.6879,228.7388,557.2038,244.2930,551.3948,254.9427
521.9705,245.3823,527.7940,235.6764,555.8823,252.5294,550.0588,262.2352
521.8462,250.2308,527.5385,241.6923,555.0000,260.0000,549.3077,268.5385
525.0000,253.0000,532.0000,246.0000,555.0000,269.0000,548.0000,276.0000
525.6800,258.7600,531.9200,250.4400,558.9600,270.7200,552.7200,279.0400
529.3774,265.3207,534.6132,255.8962,563.0566,271.6981,557.8207,281.1226
535.4117,266.6470,540.9705,257.3823,569.4999,274.4999,563.9411,283.7646
544.5001,263.5000,551.0001,257.0000,574.5001,280.5000,568.0001,287.0000
553.0000,266.0000,560.0000,259.0000,584.0000,283.0000,577.0000,290.0000
562.5000,268.5000,569.0000,262.0000,593.0000,286.0000,586.5000,292.5000
572.2482,272.2207,578.6483,265.0207,604.5311,288.0276,598.1310,295.2276
583.3433,272.8981,589.8188,265.8339,615.4037,289.2867,608.9283,296.3509
595.2965,274.0414,601.5310,267.0276,626.9792,289.6483,620.7448,296.6620
606.0000,275.0000,612.5000,268.5000,636.5000,292.5000,630.0000,299.0000
614.6154,280.0769,619.8461,272.2307,647.0768,290.3846,641.8461,298.2307
623.6118,280.9529,631.1648,272.1412,656.6118,293.9529,649.0588,302.7647
632.1000,292.7000,636.2000,280.4000,666.2000,290.4000,662.1000,302.7000
639.9000,295.3000,644.1000,282.7000,673.5000,292.5000,669.3000,305.1000
647.8109,299.1352,650.1352,285.1892,677.3785,289.7298,675.0541,303.6757
656.8187,288.0082,683.9444,286.7753,684.6557,302.4247,657.5300,303.6577
660.2717,288.2659,684.3931,284.5549,687.0173,301.6127,662.8960,305.3237
667.0000,286.0000,693.0000,286.0000,693.0000,302.0000,667.0000,302.0000
668.0000,287.0000,694.0000,287.0000,694.0000,302.0000,668.0000,302.0000
678.0000,290.0000,705.0000,290.0000,705.0000,303.0000,678.0000,303.0000
680.7307,292.3462,705.6923,285.5385,709.1769,298.3154,684.2153,305.1231
685.2200,290.5399,710.2800,286.9599,712.2200,300.5399,687.1599,304.1200
687.9847,291.2769,711.3386,284.9077,714.4308,296.2461,691.0770,302.6153
691.9817,290.6055,715.1010,283.6697,718.3486,294.4954,695.2294,301.4312
694.9316,289.1506,717.6165,280.6438,721.3151,290.5068,698.6302,299.0137
698.0690,287.1724,720.6552,278.1379,724.4482,287.6207,701.8621,296.6552
702.6207,285.4483,724.4656,276.0863,728.3448,285.1380,706.5000,294.5000
706.9999,281.0000,728.9000,273.7000,732.3000,283.9000,710.4000,291.2000
712.2360,280.9776,731.7416,268.7866,737.1349,277.4158,717.6293,289.6068
719.2068,273.5172,739.2068,265.5172,743.0689,275.1724,723.0689,283.1724
727.4000,269.8000,746.2000,260.4000,750.6000,269.2000,731.8000,278.6000
735.4000,265.8000,754.6000,256.2000,758.4000,263.8000,739.2001,273.4000
742.8000,262.6000,762.8000,252.6001,766.9999,261.0001,746.9999,271.0001
758.3846,257.0769,777.5384,244.3077,782.1537,251.2307,762.9999,263.9999
770.3138,249.6131,791.5912,241.8759,794.8612,250.8686,773.5839,258.6058
782.2001,246.4000,801.8001,236.6000,805.8001,244.6000,786.2001,254.4000
797.3621,239.4270,817.4594,233.2433,820.7027,243.7838,800.6054,249.9676
810.4001,238.8000,830.4001,228.8000,834.6001,237.2000,814.6001,247.2000
826.2001,234.4000,846.6002,224.2000,851.0002,233.0000,830.6002,243.2000
842.5001,233.5000,858.0001,218.0000,864.5001,224.5000,849.0001,240.0000
856.6001,228.2000,876.6001,218.2000,880.8000,226.6000,860.8000,236.6000
873.6369,223.8013,893.8287,214.6233,897.7327,223.2123,877.5410,232.3904
889.2001,220.4000,908.8001,210.6000,912.8001,218.6000,893.2001,228.4000
904.2945,215.0479,924.4863,205.8699,928.3903,214.4589,908.1985,223.6370
919.0001,211.0000,938.6001,201.2000,942.6001,209.2000,923.0001,219.0000
933.7452,206.8663,953.0827,196.3185,957.2101,203.8854,937.8726,214.4332
948.6000,200.2000,967.4001,190.8000,971.4001,198.8000,952.6000,208.2000
961.0001,193.0000,980.2001,183.4000,984.4000,191.8000,965.2001,201.4000
974.4001,185.8001,993.6001,176.2001,997.6001,184.2001,978.4001,193.8001
985.9239,180.1072,1004.5571,170.1695,1008.8200,178.1626,990.1868,188.1003
997.4556,173.8935,1015.7041,166.2900,1019.6390,175.7337,1001.3905,183.3373
1008.3886,173.5233,1026.4197,163.0052,1031.0623,170.9638,1013.0311,181.4819
1020.7008,169.0730,1039.2592,160.4124,1043.3978,169.2811,1024.8395,177.9416
1031.4412,169.7353,1049.3823,158.9706,1054.0588,166.7647,1036.1177,177.5294
1041.1765,170.2940,1059.1177,159.5293,1064.0588,167.7646,1046.1177,178.5293
1051.2000,174.4000,1068.3999,165.8000,1073.0000,175.0000,1055.8000,183.6000
1059.2308,181.1538,1076.1385,171.4923,1081.0616,180.1077,1064.1539,189.7692
1064.8000,179.6001,1082.4001,170.8001,1086.8000,179.6001,1069.2000,188.4001
1069.0001,178.0000,1083.5001,163.5000,1090.0001,170.0000,1075.5001,184.5000
1072.5200,167.3600,1088.8401,155.1200,1094.6001,162.8000,1078.2800,175.0400
1076.0001,161.0000,1090.0001,147.0000,1097.0001,154.0000,1083.0001,168.0000
1078.0001,154.0000,1092.0001,140.0000,1099.0001,147.0000,1085.0001,161.0000
1079.8235,145.7058,1097.0293,135.3823,1102.0586,143.7647,1084.8528,154.0882
1083.0162,143.8973,1099.9623,131.5730,1105.1083,138.6487,1088.1622,150.9730
1082.8000,136.4000,1099.2800,124.0399,1106.0000,132.9999,1089.5200,145.3600
1086.2203,126.7339,1103.8351,121.4495,1107.3029,133.0092,1089.6881,138.2936
1088.4635,129.8293,1104.9269,116.6585,1110.1952,123.2439,1093.7318,136.4146
1091.0000,129.0000,1106.0000,114.0000,1111.5000,119.5000,1096.5000,134.5000
1092.0001,125.0000,1106.5001,110.5000,1113.5001,117.5000,1099.0001,132.0000
1095.0001,117.0001,1109.0001,103.0001,1116.5001,110.5001,1102.5001,124.5001
1100.0000,95.0000,1115.0000,95.0000,1115.0000,109.0000,1100.0000,109.0000
1098.0001,92.9999,1113.0001,77.9999,1120.0001,84.9999,1105.0001,99.9999
1099.6711,81.1233,1117.7534,74.3424,1121.6165,84.6438,1103.5342,91.4246
1103.5001,84.5001,1118.0001,70.0001,1125.0001,77.0001,1110.5001,91.5001
1108.0955,77.6751,1125.8916,67.9681,1130.6304,76.6560,1112.8342,86.3630
1111.9657,67.4138,1130.5863,59.9655,1134.7931,70.4827,1116.1725,77.9310
1118.0217,60.8102,1136.3284,54.1533,1140.1240,64.5912,1121.8174,71.2482
1124.4039,58.0891,1142.4862,49.8699,1147.1095,60.0411,1129.0272,68.2603
1130.7690,61.8461,1142.3076,44.5384,1151.0769,50.3846,1139.5383,67.6923
1135.5001,57.5000,1151.0001,42.0000,1157.5001,48.5000,1142.0001,64.0000
1141.5001,53.5000,1156.5001,38.5000,1163.0001,45.0000,1148.0001,60.0000
1147.4001,52.2001,1164.8401,39.1201,1170.6001,46.8001,1153.1602,59.8801
1153.5001,52.5000,1169.5001,36.5000,1177.0001,44.0000,1161.0001,60.0000
1158.5001,51.5000,1174.5001,35.5000,1181.5001,42.5000,1165.5001,58.5000
1165.4459,51.1756,1178.4188,33.0135,1186.1757,38.5540,1173.2028,56.7162
1171.1708,48.5365,1184.3414,32.0731,1191.4147,37.7317,1178.2440,54.1951
1178.5001,49.5000,1193.0001,35.0000,1198.5001,40.5000,1184.0001,55.0000
1184.1201,51.1600,1201.5601,38.0800,1206.1201,44.1600,1188.6802,57.2400
1189.9513,54.4390,1206.1708,41.4634,1210.7562,47.1951,1194.5367,60.1707
1197.5001,59.5000,1212.5001,44.5000,1218.0001,50.0000,1203.0001,65.0000
1202.9231,64.3847,1220.6924,52.5385,1225.0000,59.0000,1207.2307,70.8462
1209.8000,73.6000,1229.4001,63.8000,1232.8000,70.6000,1213.2000,80.4000
1218.0000,81.0000,1234.0000,81.0000,1234.0000,95.0000,1218.0000,95.0000
1221.6471,99.5882,1239.5294,95.1177,1242.1764,105.7059,1224.2941,110.1765
1227.2117,113.9530,1245.3176,109.9294,1247.4587,119.5647,1229.3528,123.5883
1233.2673,128.6733,1251.8811,126.8119,1252.7327,135.3267,1234.1189,137.1881
1237.3361,144.6967,1256.9918,142.9098,1257.7377,151.1147,1238.0819,152.9016
1239.8918,162.3514,1259.8379,159.0270,1261.0542,166.3243,1241.1082,169.6487
1244.0000,176.0000,1263.0000,176.0000,1263.0000,183.0000,1244.0000,183.0000
1250.1277,189.7599,1270.6973,189.7599,1270.6973,200.8023,1250.1277,200.8023
1252.0000,209.0000,1273.0000,209.0000,1273.0000,216.0000,1252.0000,216.0000
1255.0000,236.0000,1255.0000,227.0000,1276.0000,227.0000,1276.0000,236.0000
1257.0000,248.0000,1277.0000,248.0000,1277.0000,255.0000,1257.0000,255.0000
1258.0000,264.0000,1279.0000,264.0000,1279.0000,272.0000,1258.0000,272.0000
1257.0000,281.0000,1278.0000,281.0000,1278.0000,288.0000,1257.0000,288.0000
1258.0000,294.0000,1279.0000,294.0000,1279.0000,301.0000,1258.0000,301.0000
1256.6462,308.8308,1257.5847,301.3231,1277.6462,303.8308,1276.7078,311.3385
1256.0000,308.0000,1275.0000,308.0000,1275.0000,315.0000,1256.0000,315.0000
1252.2703,316.3784,1253.5134,308.9189,1272.6487,312.1081,1271.4055,319.5676
1250.3887,312.4320,1271.1333,312.4320,1271.1333,322.4320,1250.3887,322.4320
1245.6776,315.7932,1266.0989,315.7932,1266.0989,325.7932,1245.6776,325.7932
1242.1106,319.8341,1262.9998,319.8341,1262.9998,329.8341,1242.1106,329.8341
1235.2260,323.5823,1256.0616,323.5823,1256.0616,333.6384,1235.2260,333.6384
1226.0769,336.6154,1227.7693,328.1538,1247.1924,332.0385,1245.5000,340.5000
1218.9648,344.6588,1220.6824,336.9294,1241.0117,341.4471,1239.2942,349.1765
1210.9600,353.2800,1212.1599,344.8799,1231.8999,347.7000,1230.7000,356.1000
1203.0000,355.0000,1223.0000,355.0000,1223.0000,364.0000,1203.0000,364.0000
1193.4556,373.4455,1194.3862,364.1386,1213.7922,366.0792,1212.8616,375.3861
1185.0000,374.0000,1204.0000,374.0000,1204.0000,383.0000,1185.0000,383.0000
1177.0000,383.0000,1196.0000,383.0000,1196.0000,392.0000,1177.0000,392.0000
1166.2616,398.9077,1167.2924,390.6616,1187.8463,393.2308,1186.8156,401.4770
1160.0000,403.0000,1179.0000,403.0000,1179.0000,412.0000,1160.0000,412.0000
1149.0000,415.0000,1168.0000,415.0000,1168.0000,424.0000,1149.0000,424.0000
1138.2195,435.0244,1139.2317,425.9146,1158.8779,428.0975,1157.8657,437.2073
1130.0000,442.0000,1134.0000,434.0000,1152.0000,443.0000,1148.0000,451.0000
1122.6000,447.8000,1126.4000,440.2000,1145.2001,449.6000,1141.4000,457.2000
1119.0001,451.0001,1122.6002,443.8000,1141.8002,453.4000,1138.2001,460.6000
1114.0000,451.0000,1134.0000,451.0000,1134.0000,463.0000,1114.0000,463.0000
1108.0001,461.0001,1111.8002,453.4001,1131.4003,463.2001,1127.6002,470.8001
1102.2306,464.1538,1107.1537,456.7691,1125.8461,469.2307,1120.9230,476.6153
1098.7759,469.1897,1102.2415,461.1035,1122.2759,469.6897,1118.8103,477.7758
1094.7058,470.8235,1098.7646,464.0588,1118.0293,475.6177,1113.9705,482.3824
1090.8000,475.6000,1093.8000,466.6000,1115.1001,473.7000,1112.1001,482.7000
1090.5000,468.5000,1097.0000,462.0000,1112.0000,477.0000,1105.5000,483.5000
1089.0002,468.0001,1092.8003,460.4001,1113.2002,470.6001,1109.4001,478.2001
1086.6001,463.8000,1090.4001,456.2000,1110.8000,466.4001,1107.0000,474.0000
1085.0001,461.0001,1088.8002,453.4001,1108.8002,463.4001,1105.0001,471.0001
1083.0001,454.0001,1089.5001,447.5001,1105.0001,463.0001,1098.5001,469.5001
1081.0001,453.0001,1087.5001,446.5001,1103.0001,462.0001,1096.5001,468.5001
1078.2001,456.4000,1081.2001,447.4000,1101.3002,454.1000,1098.3002,463.1000
1071.2952,451.2458,1076.9509,444.4590,1094.5574,459.1311,1088.9016,465.9180
1068.2683,450.4146,1073.6343,443.7073,1091.5610,458.0488,1086.1951,464.7561
1062.5854,449.2683,1068.9270,441.3415,1086.8538,455.6830,1080.5122,463.6098
1056.3292,454.5176,1058.6351,444.1411,1080.0233,448.8941,1077.7174,459.2705
1049.0999,453.7000,1051.9998,445.0000,1073.2998,452.1000,1070.3999,460.8000
1044.6000,451.8000,1048.2001,444.6000,1068.2001,454.6000,1064.6000,461.8000
1039.5000,449.5000,1043.7354,442.4412,1062.8530,453.9117,1058.6177,460.9706
1033.2308,453.8462,1035.1539,444.2308,1056.6925,448.5385,1054.7694,458.1538
1027.4000,447.2000,1031.4000,439.2000,1051.7999,449.4000,1047.7999,457.4000
1022.9998,442.9999,1028.0768,435.3846,1047.4614,448.3076,1042.3844,455.9230
1019.1462,437.9663,1024.0338,430.1460,1043.3596,442.2247,1038.4720,450.0450
1018.0000,432.0000,1038.0000,432.0000,1038.0000,444.0000,1018.0000,444.0000
1010.7998,439.4000,1012.3599,428.4800,1033.3599,431.4800,1031.7998,442.4000
1008.0000,426.0000,1028.0000,426.0000,1028.0000,438.0000,1008.0000,438.0000
1000.3151,429.4932,1003.2329,421.7123,1023.1781,429.1918,1020.2603,436.9726
995.1882,428.1530,997.2354,418.9412,1018.8353,423.7412,1016.7882,432.9530
990.5862,424.0345,993.8275,415.9310,1014.3447,424.1379,1011.1034,432.2414
985.8000,423.4000,989.8000,415.4000,1009.4000,425.2000,1005.4000,433.2000
980.3103,424.7241,983.2759,417.3103,1004.1379,425.6552,1001.1724,433.0690
974.7805,422.0244,980.3416,415.0731,998.2684,429.4146,992.7074,436.3658
972.4231,428.8846,974.2693,419.6539,995.6155,423.9231,993.7693,433.1539
967.9390,430.5487,969.0609,420.4512,991.0121,422.8902,989.8901,432.9878
964.4160,427.7120,965.9999,419.0000,987.2960,422.8720,985.7120,431.5840
960.2068,423.4828,963.0345,416.4138,984.5862,425.0345,981.7586,432.1034
957.3235,418.7941,961.9117,411.1471,981.7646,423.0588,977.1764,430.7059
954.4175,420.5706,955.0294,412.6176,977.5882,414.3529,976.9764,422.3058
952.0000,409.0000,975.0000,409.0000,975.0000,418.0000,952.0000,418.0000
949.0270,410.8378,950.3243,403.0540,973.0270,406.8378,971.7298,414.6216
946.0000,401.0000,969.0000,401.0000,969.0000,409.0000,946.0000,409.0000
943.0000,396.0000,967.0000,396.0000,967.0000,405.0000,943.0000,405.0000
942.0000,388.0000,966.0000,388.0000,966.0000,398.0000,942.0000,398.0000
943.0000,382.0000,966.0000,382.0000,966.0000,392.0000,943.0000,392.0000
938.8846,381.5769,940.7308,372.3462,962.2692,376.6538,960.4230,385.8846
937.0000,369.0000,960.0000,369.0000,960.0000,379.0000,937.0000,379.0000
934.0000,364.0000,958.0000,364.0000,958.0000,375.0000,934.0000,375.0000
934.0000,360.0000,958.0000,360.0000,958.0000,371.0000,934.0000,371.0000
933.0000,356.0000,958.0000,356.0000,958.0000,366.0000,933.0000,366.0000
931.0000,353.0000,956.0000,353.0000,956.0000,362.0000,931.0000,362.0000
928.0000,351.0000,953.0000,351.0000,953.0000,361.0000,928.0000,361.0000
924.0000,351.0000,949.0000,351.0000,949.0000,362.0000,924.0000,362.0000
915.0000,351.0000,941.0000,351.0000,941.0000,361.0000,915.0000,361.0000
912.5324,356.4185,913.0770,346.6154,940.4370,348.1354,939.8924,357.9385
910.0000,341.0000,937.0000,341.0000,937.0000,353.0000,910.0000,353.0000
904.0000,336.0000,931.0000,336.0000,931.0000,347.0000,904.0000,347.0000
899.0000,334.0000,927.0000,334.0000,927.0000,343.0000,899.0000,343.0000
894.0000,331.0000,921.0000,331.0000,921.0000,341.0000,894.0000,341.0000
888.5635,337.1116,889.1573,328.7969,917.5837,330.8274,916.9899,339.1421
883.0000,328.0000,911.0000,328.0000,911.0000,338.0000,883.0000,338.0000
879.1329,334.6358,880.5433,325.4682,907.2947,329.5838,905.8843,338.7514
872.6828,335.3931,873.2242,326.1897,901.5380,327.8552,900.9966,337.0587
867.0000,328.0000,895.0000,328.0000,895.0000,338.0000,867.0000,338.0000
859.0000,331.0000,886.0000,331.0000,886.0000,341.0000,859.0000,341.0000
853.0000,332.0000,880.0000,332.0000,880.0000,342.0000,853.0000,342.0000
847.0000,332.0000,874.0000,332.0000,874.0000,343.0000,847.0000,343.0000
841.0000,331.0000,867.0000,331.0000,867.0000,342.0000,841.0000,342.0000
834.0000,330.0000,859.0000,330.0000,859.0000,341.0000,834.0000,341.0000
826.0000,329.0000,852.0000,329.0000,852.0000,339.0000,826.0000,339.0000
819.0000,328.0000,845.0000,328.0000,845.0000,339.0000,819.0000,339.0000
810.0000,330.0000,836.0000,330.0000,836.0000,341.0000,810.0000,341.0000
803.0000,334.0000,828.0000,334.0000,828.0000,344.0000,803.0000,344.0000
796.0000,338.0000,821.0000,338.0000,821.0000,348.0000,796.0000,348.0000
787.5886,341.8275,812.6107,340.1593,813.2656,349.9823,788.2435,351.6505
784.0000,341.0000,808.0000,341.0000,808.0000,352.0000,784.0000,352.0000
777.0000,341.0000,801.0000,341.0000,801.0000,351.0000,777.0000,351.0000
774.0000,340.0000,795.0000,340.0000,795.0000,350.0000,774.0000,350.0000
769.0000,337.0000,789.0000,337.0000,789.0000,349.0000,769.0000,349.0000
760.0000,343.0000,760.0000,333.0000,781.0000,333.0000,781.0000,343.0000
754.0000,328.0000,775.0000,328.0000,775.0000,338.0000,754.0000,338.0000
748.0000,324.0000,768.0000,324.0000,768.0000,335.0000,748.0000,335.0000
745.0000,319.0000,766.0000,319.0000,766.0000,330.0000,745.0000,330.0000
740.0000,312.0000,762.0000,312.0000,762.0000,323.0000,740.0000,323.0000
737.0000,305.0000,758.0000,305.0000,758.0000,316.0000,737.0000,316.0000
732.0000,297.0000,753.0000,297.0000,753.0000,308.0000,732.0000,308.0000
728.0000,290.0000,748.0000,290.0000,748.0000,301.0000,728.0000,301.0000
724.0000,283.0000,744.0000,283.0000,744.0000,294.0000,724.0000,294.0000
718.0000,275.0000,737.0000,275.0000,737.0000,287.0000,718.0000,287.0000
712.3360,279.1520,714.1920,268.9440,734.6960,272.6720,732.8400,282.8800
707.4800,275.6400,709.0400,264.7200,729.4800,267.6400,727.9199,278.5600
703.7610,270.4488,706.0439,259.7951,725.9171,264.0536,723.6342,274.7073
701.4706,266.1177,704.2941,254.8236,723.5882,259.6471,720.7647,270.9412
698.3708,263.3932,701.1011,251.5618,719.3596,255.7753,716.6292,267.6067
701.0000,250.0000,717.0000,250.0000,717.0000,263.0000,701.0000,263.0000
697.0000,247.0000,712.0000,247.0000,712.0000,260.0000,697.0000,260.0000
690.1321,254.0377,693.3774,242.6792,710.4151,247.5472,707.1699,258.9056
690.0000,242.0000,704.0000,242.0000,704.0000,256.0000,690.0000,256.0000
688.0000,241.0000,703.0000,241.0000,703.0000,254.0000,688.0000,254.0000
685.0000,238.0000,698.0000,238.0000,698.0000,252.0000,685.0000,252.0000
682.0000,237.0000,695.0000,237.0000,695.0000,251.0000,682.0000,251.0000
678.0000,233.0000,692.0000,233.0000,692.0000,248.0000,678.0000,248.0000
674.0000,232.0000,688.0000,232.0000,688.0000,246.0000,674.0000,246.0000
670.0000,229.0000,684.0000,229.0000,684.0000,243.0000,670.0000,243.0000
666.0000,227.0000,681.0000,227.0000,681.0000,240.0000,666.0000,240.0000
658.0000,225.0000,673.0000,225.0000,673.0000,239.0000,658.0000,239.0000
653.0000,225.0000,668.0000,225.0000,668.0000,238.0000,653.0000,238.0000
643.7058,234.1765,646.9412,221.2353,663.1765,225.2941,659.9412,238.2353
640.0000,222.0000,656.0000,222.0000,656.0000,235.0000,640.0000,235.0000
632.0000,222.0000,648.0000,222.0000,648.0000,236.0000,632.0000,236.0000
627.0000,222.0000,642.0000,222.0000,642.0000,236.0000,627.0000,236.0000
618.3693,235.0462,620.2001,220.4000,636.2001,222.4000,634.3693,237.0462
610.0000,217.0000,627.0000,217.0000,627.0000,232.0000,610.0000,232.0000
607.0000,217.0000,625.0000,217.0000,625.0000,229.0000,607.0000,229.0000
609.0000,212.0000,627.0000,212.0000,627.0000,226.0000,609.0000,226.0000
2
0
0
0
0
1
536.0000,212.0000,557.0000,212.0000,557.0000,229.0000,536.0000,229.0000
529.0000,212.0000,549.0000,212.0000,549.0000,231.0000,529.0000,231.0000
524.0000,232.0000,524.0000,212.0000,544.0000,212.0000,544.0000,232.0000
519.0000,215.0000,538.0000,215.0000,538.0000,233.0000,519.0000,233.0000
513.0000,214.0000,534.0000,214.0000,534.0000,233.0000,513.0000,233.0000
507.0000,214.0000,527.0000,214.0000,527.0000,234.0000,507.0000,234.0000
504.0000,215.0000,524.0000,215.0000,524.0000,234.0000,504.0000,234.0000
500.0000,216.0000,520.0000,216.0000,520.0000,235.0000,500.0000,235.0000
496.0000,215.0000,516.0000,215.0000,516.0000,235.0000,496.0000,235.0000
491.0000,216.0000,511.0000,216.0000,511.0000,237.0000,491.0000,237.0000
489.0000,216.0000,508.0000,216.0000,508.0000,237.0000,489.0000,237.0000
485.0000,219.0000,505.0000,219.0000,505.0000,240.0000,485.0000,240.0000
481.0000,223.0000,500.0000,223.0000,500.0000,244.0000,481.0000,244.0000
481.0000,246.0000,481.0000,224.0000,501.0000,224.0000,501.0000,246.0000
478.0000,228.0000,498.0000,228.0000,498.0000,248.0000,478.0000,248.0000
476.0000,251.0000,476.0000,231.0000,495.0000,231.0000,495.0000,251.0000
471.0000,233.0000,491.0000,233.0000,491.0000,254.0000,471.0000,254.0000
470.0000,237.0000,489.0000,237.0000,489.0000,257.0000,470.0000,257.0000
467.0000,241.0000,486.0000,241.0000,486.0000,262.0000,467.0000,262.0000
466.0000,245.0000,486.0000,245.0000,486.0000,265.0000,466.0000,265.0000
464.0000,248.0000,483.0000,248.0000,483.0000,269.0000,464.0000,269.0000
463.0000,252.0000,483.0000,252.0000,483.0000,273.0000,463.0000,273.0000
461.0000,256.0000,481.0000,256.0000,481.0000,276.0000,461.0000,276.0000
460.0000,260.0000,480.0000,260.0000,480.0000,280.0000,460.0000,280.0000
459.0000,262.0000,479.0000,262.0000,479.0000,281.0000,459.0000,281.0000
456.5470,281.8882,458.0176,262.7706,478.7411,264.3647,477.2705,283.4824
456.3853,283.7623,458.1066,264.8279,478.8443,266.7131,477.1230,285.6476
458.0000,270.0000,479.0000,270.0000,479.0000,289.0000,458.0000,289.0000
457.0000,273.0000,478.0000,273.0000,478.0000,292.0000,457.0000,292.0000
458.0000,277.0000,480.0000,277.0000,480.0000,295.0000,458.0000,295.0000
459.0000,280.0000,481.0000,280.0000,481.0000,299.0000,459.0000,299.0000
461.0000,303.0000,461.0000,284.0000,482.0000,284.0000,482.0000,303.0000
462.0000,288.0000,483.0000,288.0000,483.0000,306.0000,462.0000,306.0000
463.0000,291.0000,485.0000,291.0000,485.0000,309.0000,463.0000,309.0000
463.0000,293.0000,485.0000,293.0000,485.0000,310.0000,463.0000,310.0000
462.9655,304.5862,468.4138,290.9655,492.2069,300.4828,486.7586,314.1034
468.0000,297.0000,490.0000,297.0000,490.0000,314.0000,468.0000,314.0000
470.0000,317.0000,470.0000,300.0000,492.0000,300.0000,492.0000,317.0000
473.0000,302.0000,495.0000,302.0000,495.0000,319.0000,473.0000,319.0000
474.0000,305.0000,496.0000,305.0000,496.0000,322.0000,474.0000,322.0000
474.0000,305.0000,496.0000,305.0000,496.0000,321.0000,474.0000,321.0000
475.0000,308.0000,496.0000,308.0000,496.0000,325.0000,475.0000,325.0000
476.0000,311.0000,498.0000,311.0000,498.0000,327.0000,476.0000,327.0000
476.0000,314.0000,497.0000,314.0000,497.0000,329.0000,476.0000,329.0000
474.0000,321.0000,496.0000,321.0000,496.0000,336.0000,474.0000,336.0000
475.0000,320.0000,497.0000,320.0000,497.0000,336.0000,475.0000,336.0000
478.0000,327.0000,498.0000,327.0000,498.0000,345.0000,478.0000,345.0000
478.1066,323.4924,499.9949,321.9290,501.1929,338.7005,479.3046,340.2640
2
0
0
0
0
1
459.0000,324.0000,475.0000,324.0000,475.0000,339.0000,459.0000,339.0000
454.0000,325.0000,471.0000,325.0000,471.0000,340.0000,454.0000,340.0000
453.0000,328.0000,470.0000,328.0000,470.0000,342.0000,453.0000,342.0000
448.3000,330.1000,467.6200,327.3400,469.5600,340.9200,450.2400,343.6800
449.0000,329.0000,466.0000,329.0000,466.0000,344.0000,449.0000,344.0000
447.0000,329.0000,464.0000,329.0000,464.0000,344.0000,447.0000,344.0000
443.0000,330.0000,461.0000,330.0000,461.0000,344.0000,443.0000,344.0000
443.0000,330.0000,461.0000,330.0000,461.0000,344.0000,443.0000,344.0000
442.0000,332.0000,461.0000,332.0000,461.0000,346.0000,442.0000,346.0000
438.1189,336.8865,458.3568,330.6595,462.2054,343.1676,441.9676,349.3946
440.0000,332.0000,460.0000,332.0000,460.0000,345.0000,440.0000,345.0000
439.8960,334.9280,460.3120,331.2161,462.5360,343.4481,442.1200,347.1600
442.0000,333.0000,461.0000,333.0000,461.0000,346.0000,442.0000,346.0000
444.0000,333.0000,463.0000,333.0000,463.0000,345.0000,444.0000,345.0000
444.8692,336.8539,463.1461,331.8692,466.4923,344.1385,448.2154,349.1231
449.0000,334.0000,467.0000,334.0000,467.0000,348.0000,449.0000,348.0000
450.0000,336.0000,468.0000,336.0000,468.0000,349.0000,450.0000,349.0000
451.0000,336.0000,468.0000,336.0000,468.0000,349.0000,451.0000,349.0000
450.0000,335.0000,467.0000,335.0000,467.0000,349.0000,450.0000,349.0000
449.0000,336.0000,467.0000,336.0000,467.0000,349.0000,449.0000,349.0000
447.6644,345.0616,464.7671,337.2876,469.4931,347.6849,452.3904,355.4589
446.2877,347.2328,462.9384,339.6644,467.0822,348.7808,450.4315,356.3493
443.2231,344.4846,459.4692,340.0538,462.3077,350.4615,446.0615,354.8923
437.0000,341.0000,455.0000,341.0000,455.0000,353.0000,437.0000,353.0000
433.0000,341.0000,450.0000,341.0000,450.0000,353.0000,433.0000,353.0000
428.0000,341.0000,445.0000,341.0000,445.0000,353.0000,428.0000,353.0000
420.4138,345.0345,437.8276,338.0690,441.5517,347.3793,424.1379,354.3448
416.0000,339.0000,432.0000,339.0000,432.0000,352.0000,416.0000,352.0000
411.0000,336.0000,427.0000,336.0000,427.0000,349.0000,411.0000,349.0000
404.7647,337.0589,421.0000,333.0000,424.0000,345.0000,407.7647,349.0589
398.5229,333.7431,415.3120,328.7064,418.7523,340.1743,401.9633,345.2110
392.5248,327.2476,409.7525,325.5248,410.9901,337.9010,393.7624,339.6238
388.0000,323.0000,404.0000,323.0000,404.0000,335.0000,388.0000,335.0000
383.0000,320.0000,399.0000,320.0000,399.0000,333.0000,383.0000,333.0000
377.0000,317.0000,394.0000,317.0000,394.0000,329.0000,377.0000,329.0000
372.0000,313.0000,389.0000,313.0000,389.0000,326.0000,372.0000,326.0000
369.0000,311.0000,385.0000,311.0000,385.0000,324.0000,369.0000,324.0000
366.0000,308.0000,382.0000,308.0000,382.0000,320.0000,366.0000,320.0000
363.0000,305.0000,379.0000,305.0000,379.0000,317.0000,363.0000,317.0000
361.0000,302.0000,377.0000,302.0000,377.0000,314.0000,361.0000,314.0000
360.0000,299.0000,375.0000,299.0000,375.0000,311.0000,360.0000,311.0000
357.0000,297.0000,373.0000,297.0000,373.0000,309.0000,357.0000,309.0000
355.5026,295.0356,371.8477,293.8680,372.6700,305.3807,356.3249,306.5482
353.0000,293.0000,369.0000,293.0000,369.0000,304.0000,353.0000,304.0000
