1
288.0000,75.0000,353.0000,75.0000,353.0000,296.0000,288.0000,296.0000
286.0000,77.0000,354.0000,77.0000,354.0000,293.0000,286.0000,293.0000
277.8670,79.4767,348.5211,76.8105,356.6790,292.9933,286.0249,295.6594
273.9807,81.2688,345.3798,78.6819,353.0949,291.6198,281.6959,294.2067
272.2010,82.2695,343.8131,79.7300,351.2593,289.7142,279.6473,292.2537
270.1985,84.0016,345.2430,81.7101,351.6346,291.0341,276.5901,293.3255
267.0000,85.0000,344.0000,85.0000,344.0000,293.0000,267.0000,293.0000
268.0000,85.0000,345.0000,85.0000,345.0000,292.0000,268.0000,292.0000
265.0000,86.0000,344.0000,86.0000,344.0000,293.0000,265.0000,293.0000
256.5013,91.1916,335.7447,90.6770,337.0752,295.5710,257.8318,296.0855
259.0000,87.0000,337.0000,87.0000,337.0000,294.0000,259.0000,294.0000
251.1917,89.3644,334.6885,88.5377,336.7522,296.9728,253.2555,297.7995
251.0000,95.0000,332.0000,95.0000,332.0000,297.0000,251.0000,297.0000
252.0000,94.0000,335.0000,94.0000,335.0000,293.0000,252.0000,293.0000
249.0000,98.0000,333.0000,98.0000,333.0000,295.0000,249.0000,295.0000
242.0000,102.0000,327.0000,102.0000,327.0000,297.0000,242.0000,297.0000
242.0000,295.0000,242.0000,102.0000,327.0000,102.0000,327.0000,295.0000
237.0000,298.0000,237.0000,115.0000,321.0000,115.0000,321.0000,298.0000
235.0000,112.0000,322.0000,112.0000,322.0000,298.0000,235.0000,298.0000
229.0000,118.0000,318.0000,118.0000,318.0000,300.0000,229.0000,300.0000
230.0000,298.0000,230.0000,124.0000,319.0000,124.0000,319.0000,298.0000
229.0000,121.0000,322.0000,121.0000,322.0000,296.0000,229.0000,296.0000
215.0653,296.1486,257.7218,113.3351,341.5891,132.9041,298.9326,315.7176
214.9285,293.9479,258.3540,123.1409,343.6700,144.8314,300.2444,315.6384
206.1777,292.8950,275.1736,110.9969,358.5562,142.6248,289.5603,324.5229
205.7722,287.4225,288.8000,105.4000,360.1045,137.9248,277.0767,319.9473
207.9469,288.2035,286.3035,101.3531,359.0850,131.8743,280.7283,318.7248
210.2584,280.1514,295.9241,93.5225,362.5027,124.0833,276.8370,310.7121
214.9709,277.7413,305.0928,93.4010,375.0052,127.5803,284.8832,311.9207
216.1661,282.7616,302.8211,93.2039,362.1154,120.3099,275.4605,309.8676
209.0332,280.3752,305.2061,96.4656,366.9391,128.7480,270.7662,312.6576
204.2770,275.0154,307.9077,93.6615,376.7231,132.9846,273.0923,314.3384
207.4204,276.7874,304.8695,97.1157,372.1334,133.5978,274.6844,313.2695
215.0080,287.8365,287.8794,100.4531,364.4156,130.2172,291.5442,317.6006
229.4024,302.7473,263.7683,121.7535,352.9335,138.6836,318.5676,319.6774
227.0175,301.7083,266.0068,121.1265,356.0371,140.5648,317.0479,321.1467
228.7499,302.5150,264.8435,126.2933,360.3086,145.8463,324.2149,322.0681
223.0194,297.9795,276.5486,121.1003,375.0774,150.9182,321.5482,327.7975
230.5359,301.8177,239.4862,131.7624,354.4834,137.8149,345.5332,307.8702
220.4766,293.9918,279.5941,125.5067,379.5667,160.5848,320.4492,329.0699
221.3398,300.6544,224.2910,141.2832,350.7847,143.6256,347.8334,302.9969
213.7410,299.6139,216.0508,142.5449,351.3745,144.5349,349.0646,301.6039
276.0000,117.0000,395.0000,117.0000,395.0000,285.0000,276.0000,285.0000
261.8141,267.8156,322.9094,81.9839,418.3224,113.3526,357.2271,299.1842
262.0588,262.2353,339.9882,77.1529,430.0259,115.0635,352.0965,300.1459
264.8373,257.6902,361.4290,70.5440,442.5078,112.3911,345.9162,299.5374
272.7278,283.3998,307.1695,79.2093,399.1548,94.7249,364.7130,298.9154
272.2516,282.4370,309.1732,74.0940,401.0351,90.3733,364.1135,298.7163
268.2309,282.3247,303.7176,72.1342,393.7488,87.3342,358.2621,297.5248
269.9529,285.1717,291.7888,73.0518,376.2321,81.7445,354.3963,293.8643
252.3943,278.5853,312.6277,62.4536,398.9252,86.5038,338.6918,302.6354
245.3346,277.6625,311.3762,58.5244,397.5370,84.4907,331.4954,303.6288
237.1546,280.1062,307.8270,59.7747,397.6259,88.5781,326.9535,308.9096
246.7672,287.2393,299.1476,64.6230,389.7771,85.9475,337.3968,308.5639
231.2390,279.6210,312.0637,59.1900,403.7385,92.8041,322.9138,313.2351
262.7632,295.4810,284.1284,79.8866,387.1170,90.0927,365.7517,305.6871
263.5826,294.5357,281.8768,81.1037,384.6929,89.9165,366.3987,303.3485
262.7035,296.5586,280.2758,85.6897,388.6069,94.7173,371.0345,305.5862
253.8295,294.0789,293.6272,83.3851,393.1969,102.1927,353.3992,312.8865
253.7032,293.1695,290.6166,85.5319,392.6797,103.6764,355.7664,311.3140
245.0860,291.9077,305.3727,86.9331,403.9618,115.9299,343.6752,320.9044
227.5433,286.9807,327.7478,93.0364,426.4104,144.0121,326.2059,337.9564
248.0000,114.0000,386.0000,114.0000,386.0000,292.0000,248.0000,292.0000
244.0000,291.0000,244.0000,113.0000,391.0000,113.0000,391.0000,291.0000
229.5943,284.9898,230.8052,117.8899,389.6591,119.0410,388.4482,286.1410
215.6161,288.8194,216.8313,124.7765,384.7258,126.0202,383.5106,290.0630
213.0000,131.0000,390.0000,131.0000,390.0000,287.0000,213.0000,287.0000
216.0000,124.0000,393.0000,124.0000,393.0000,280.0000,216.0000,280.0000
211.0000,128.0000,392.0000,128.0000,392.0000,279.0000,211.0000,279.0000
213.0000,129.0000,394.0000,129.0000,394.0000,278.0000,213.0000,278.0000
204.3861,135.4404,389.9201,130.8020,393.4766,273.0630,207.9426,277.7014
206.0000,274.0000,206.0000,136.0000,396.0000,136.0000,396.0000,274.0000
198.0000,157.0000,392.0000,157.0000,392.0000,273.0000,198.0000,273.0000
210.0000,134.0000,393.0000,134.0000,393.0000,274.0000,210.0000,274.0000
223.0000,272.0000,223.0000,125.0000,396.0000,125.0000,396.0000,272.0000
279.0000,100.0000,408.0000,100.0000,408.0000,279.0000,279.0000,279.0000
256.0000,91.0000,387.0000,91.0000,387.0000,280.9999,256.0000,280.9999
250.2982,241.8949,328.7947,77.8932,438.0759,130.1987,359.5793,294.2004
250.7299,250.2321,325.0373,77.2753,415.2895,116.0503,340.9821,289.0071
260.5255,264.7778,316.6846,75.8792,403.7960,101.7772,347.6369,290.6758
263.9655,263.3302,319.8258,75.7992,401.8462,100.2308,345.9859,287.7618
272.7618,271.5196,319.9142,78.6235,395.9278,97.2046,348.7754,290.1007
285.2044,279.2635,315.1018,81.4805,384.3792,91.9527,354.4818,289.7356
283.4681,279.3547,314.6998,82.3548,383.7330,93.2991,352.5013,290.2990
289.3279,282.3935,307.3033,84.6639,378.3525,91.1230,360.3771,288.8525
290.5976,276.6220,311.7683,86.0854,383.6586,94.0732,362.4879,284.6098
289.3385,273.2923,312.8308,85.3539,384.9538,94.3692,361.4615,282.3077
292.5056,274.1621,312.8080,85.6409,386.1421,93.5384,365.8398,282.0596
306.0000,91.0000,382.0000,91.0000,382.0000,277.0000,306.0000,277.0000
304.0000,90.0000,383.0000,90.0000,383.0000,274.0000,304.0000,274.0000
302.6892,88.6770,379.4040,86.1199,385.6216,272.6460,308.9068,275.2031
309.0000,90.0000,388.0000,90.0000,388.0000,273.0000,309.0000,273.0000
309.0000,87.0000,386.0000,87.0000,386.0000,271.0000,309.0000,271.0000
313.0000,86.0000,387.0000,86.0000,387.0000,272.0000,313.0000,272.0000
309.0000,82.0000,386.0000,82.0000,386.0000,270.0000,309.0000,270.0000
310.0000,83.0000,386.0000,83.0000,386.0000,272.0000,310.0000,272.0000
310.0000,81.0000,386.0000,81.0000,386.0000,273.0000,310.0000,273.0000
305.7023,79.6362,382.8602,77.0925,389.2507,270.9368,312.0928,273.4804
305.0682,81.3984,383.3190,79.5572,387.8317,271.3451,309.5809,273.1863
299.3193,76.8533,372.3513,71.5829,386.4187,266.5162,313.3867,271.7866
294.4901,73.6140,364.9437,64.6346,390.8121,267.6024,320.3585,276.5817
294.0801,72.0191,364.0815,63.1839,389.7595,266.6323,319.7581,275.4675
296.1059,75.6166,364.9995,70.1364,381.4616,277.0883,312.5680,282.5685
292.0000,62.0000,358.0000,62.0000,358.0000,276.0000,292.0000,276.0000
296.0000,62.0000,357.0000,62.0000,357.0000,276.0000,296.0000,276.0000
281.0000,67.0000,353.0000,67.0000,353.0000,281.0000,281.0000,281.0000
262.4269,281.4367,264.8130,71.4524,345.3140,72.3672,342.9279,282.3515
259.0000,71.0000,343.0000,71.0000,343.0000,279.0000,259.0000,279.0000
255.0392,279.7249,258.5676,75.0787,347.9548,76.6199,344.4264,281.2660
256.9959,269.6658,301.7086,64.5134,387.6641,83.2473,342.9514,288.3997
277.0000,77.0000,365.0000,77.0000,365.0000,281.0000,277.0000,281.0000
279.0000,76.0000,368.0000,76.0000,368.0000,279.0000,279.0000,279.0000
270.0000,78.0000,370.0000,78.0000,370.0000,280.0000,270.0000,280.0000
271.0000,78.0000,371.0000,78.0000,371.0000,281.0000,271.0000,281.0000
253.4825,271.3118,293.1734,68.4470,391.6013,87.7046,351.9104,290.5694
266.0000,79.0000,368.0000,79.0000,368.0000,283.0000,266.0000,283.0000
264.0000,80.0000,367.0000,80.0000,367.0000,283.0000,264.0000,283.0000
211.7716,239.1980,314.7401,65.4386,404.8954,118.8640,301.9269,292.6234
239.4397,277.6017,272.1413,67.3775,375.9407,83.5241,343.2392,293.7483
237.5358,276.9193,274.4532,64.6441,377.1725,82.5083,340.2551,294.7835
267.0000,73.0000,368.0000,73.0000,368.0000,286.0000,267.0000,286.0000
267.0000,70.0000,375.0000,70.0000,375.0000,286.0000,267.0000,286.0000
260.7980,76.7602,368.5592,64.6371,392.3333,275.9625,284.5721,288.0857
272.0000,72.0000,376.0000,72.0000,376.0000,289.0000,272.0000,289.0000
276.8784,70.2547,374.0474,59.6442,397.7619,276.8191,300.5929,287.4295
276.6330,66.2710,372.3177,56.2575,395.2600,275.4844,299.5753,285.4979
287.4409,62.4765,376.6993,54.8258,395.7034,276.5397,306.4449,284.1904
294.0000,60.0000,381.0000,60.0000,381.0000,282.0000,294.0000,282.0000
297.0000,63.0000,378.0000,63.0000,378.0000,283.0000,297.0000,283.0000
290.4184,68.2118,367.5071,57.5948,398.0291,279.2115,320.9405,289.8286
284.6487,81.4497,363.9260,64.4270,409.8489,278.2963,330.5715,295.3190
282.4807,82.6919,366.4783,63.7924,413.9465,274.7620,329.9489,293.6615
286.4840,80.7336,373.2300,69.4887,400.7956,282.1376,314.0496,293.3825
282.4268,87.1948,372.0386,69.7703,412.7479,279.1323,323.1360,296.5569
286.3385,96.6996,377.7570,75.1046,425.3740,276.6833,333.9555,298.2782
275.8785,99.1120,364.3087,73.6033,421.4561,271.7145,333.0259,297.2233
289.2672,115.8590,395.2138,89.8720,443.2545,285.7300,337.3079,311.7169
286.9708,117.8869,392.4503,90.6077,442.9671,285.9395,337.4876,313.2187
287.7255,123.7565,401.9716,93.6917,453.0726,287.8756,338.8265,317.9404
285.5479,129.9647,406.1525,96.8785,459.0038,289.5299,338.3991,322.6161
285.3324,131.7966,408.4957,97.5845,461.6332,288.8797,338.4699,323.0917
286.8360,136.1967,412.1324,99.0719,468.1929,288.2762,342.8965,325.4010
280.9586,141.1006,387.1124,96.8698,466.0769,286.3846,359.9230,330.6154
285.6676,143.5737,396.2735,100.5603,468.6381,286.6408,358.0322,329.6542
255.9879,158.5127,338.6208,100.8780,462.2612,278.1456,379.6283,335.7803
279.1259,143.4996,366.1330,99.6304,459.0568,283.9293,372.0497,327.7985
269.2213,150.4344,344.4771,103.8476,455.0836,282.5197,379.8279,329.1066
271.2469,144.7279,341.4234,102.4297,448.9373,280.8050,378.7608,323.1031
261.6216,144.2703,346.1892,83.8649,462.1352,246.1892,377.5676,306.5946
259.3255,115.8938,368.6159,89.3097,414.9007,279.5917,305.6104,306.1759
250.2882,139.7722,334.3268,75.8454,455.7679,235.4927,371.7294,299.4195
263.3166,107.8574,361.9239,83.4029,410.1266,277.7686,311.5193,302.2232
263.5963,106.5977,360.5960,83.1300,408.3129,280.3598,311.3131,303.8275
261.2537,120.9548,339.6785,73.1647,445.9860,247.6179,367.5612,295.4080
260.0565,102.0586,339.1974,77.2893,400.6909,273.7685,321.5500,298.5378
267.0096,93.2715,357.1551,75.7613,396.4499,278.0565,306.3044,295.5668
255.5238,92.5459,337.6158,71.5304,390.1624,276.7904,308.0703,297.8060
240.6374,84.0941,323.9832,57.9464,389.2545,265.9986,305.9086,292.1463
242.4404,81.4679,324.0918,56.9725,387.8073,269.3578,306.1560,293.8532
236.3650,81.4918,317.5035,52.4044,393.1858,263.5183,312.0473,292.6057
232.4648,80.9246,315.1765,51.9030,390.1614,265.6100,307.4497,294.6317
237.6800,76.7600,320.9696,52.4672,384.5632,270.5024,301.2736,294.7952
233.0943,74.8302,321.4528,49.5849,384.2830,269.4905,295.9245,294.7358
246.3692,64.0462,343.9686,56.9047,360.1740,278.3775,262.5745,285.5189
245.3621,64.1328,341.1647,56.3650,359.1451,278.1234,263.3425,285.8911
243.6724,65.4011,339.8438,57.2903,358.4728,278.1770,262.3014,286.2878
242.9902,64.5416,337.7685,60.0815,348.0981,279.5836,253.3197,284.0438
250.0187,65.7097,338.1806,60.3987,351.4125,280.0475,263.2505,285.3584
250.0816,66.1063,336.1899,62.3213,345.7466,279.7364,259.6383,283.5214
251.0000,67.0000,334.0000,67.0000,334.0000,281.9999,251.0000,281.9999
245.0000,69.0000,319.0000,69.0000,319.0000,283.0000,245.0000,283.0000
241.0000,75.0000,305.0000,75.0000,305.0000,284.9999,241.0000,284.9999
235.2340,79.6153,305.0294,76.7071,313.5338,280.8111,243.7383,283.7192
234.7854,80.8975,303.2058,77.5868,313.0101,280.2092,244.5896,283.5198
232.8923,83.0450,302.2893,77.9045,316.9495,275.8186,247.5525,280.9591
233.9864,84.1473,305.2391,78.9337,319.6284,275.5882,248.3758,280.8018
238.0000,82.0000,312.0000,82.0000,312.0000,278.0000,238.0000,278.0000
236.0663,86.6239,308.5252,80.3620,325.2934,274.3944,252.8345,280.6563
245.3846,278.0769,254.7927,78.1550,322.1142,81.3230,312.7061,281.2450
228.2459,271.6867,268.7928,73.4576,336.7888,87.3659,296.2420,285.5949
243.7868,280.1161,252.3258,75.1802,322.5373,78.1057,313.9983,283.0416
243.9746,276.2080,269.3465,68.6201,331.4849,76.2148,306.1130,283.8027
240.0033,275.9778,270.7528,67.8271,334.8428,77.2950,304.0933,285.4456
246.6097,277.4730,270.4447,65.3421,334.1905,72.5045,310.3555,284.6355
253.1479,278.4026,272.9966,64.0367,338.6192,70.1129,318.7705,284.4788
259.3081,280.2487,270.9313,63.2820,334.7482,66.7008,323.1249,283.6674
260.5593,65.3368,328.4886,63.1455,335.5427,281.8212,267.6133,284.0125
252.3371,280.5360,277.6242,64.8525,350.6888,73.4187,325.4018,289.1022
253.5186,281.5084,276.0676,64.4746,347.2473,71.8699,324.6983,288.9037
252.8012,281.2553,275.0929,65.7682,351.4482,73.6671,329.1565,289.1541
272.0000,76.0000,349.0000,76.0000,349.0000,288.0000,272.0000,288.0000
264.1086,284.8724,273.2439,77.8049,350.9896,81.2348,341.8543,288.3024
271.0000,87.0000,351.0000,87.0000,351.0000,290.0000,271.0000,290.0000
271.3484,98.3357,353.6971,97.7166,355.1653,292.9912,272.8166,293.6104
274.2613,98.3561,354.6890,97.6859,356.3249,293.9890,275.8972,294.6592
280.0000,96.0000,360.0000,96.0000,360.0000,291.0000,280.0000,291.0000
280.0918,104.6573,357.5730,101.0812,366.5510,295.6053,289.0699,299.1814
284.2703,103.4874,361.2823,102.2249,364.4398,294.8289,287.4277,296.0913
284.8336,107.0047,360.6084,104.8998,365.9430,296.9460,290.1682,299.0509
281.1615,109.6143,351.2119,99.4621,378.9675,290.9757,308.9171,301.1280
282.6056,113.3604,348.6101,104.1931,374.9198,293.6223,308.9153,302.7896
286.0939,108.3350,356.8781,101.6989,374.8287,293.1723,304.0446,299.8083
291.4862,85.2376,350.8481,82.1133,361.5552,285.5498,302.1933,288.6741
290.7876,80.8142,349.9248,76.8717,364.0089,288.1328,304.8717,292.0752
293.2910,72.2839,357.3060,71.4837,359.9729,284.8378,295.9580,285.6380
288.4106,286.6192,296.2947,77.6904,372.5446,80.5677,364.6605,289.4966
293.0000,79.0000,366.0000,79.0000,366.0000,290.0000,293.0000,290.0000
290.0000,77.0000,367.0000,77.0000,367.0000,290.0000,290.0000,290.0000
280.0000,72.0000,358.0000,72.0000,358.0000,291.0000,280.0000,291.0000
279.0000,72.0000,357.0000,72.0000,357.0000,292.0000,279.0000,292.0000
269.0000,69.0000,348.0000,69.0000,348.0000,290.0000,269.0000,290.0000
263.0000,71.0000,342.0000,71.0000,342.0000,291.0000,263.0000,291.0000
264.0000,71.0000,339.0000,71.0000,339.0000,290.0000,264.0000,290.0000
260.0000,74.0000,336.0000,74.0000,336.0000,290.0000,260.0000,290.0000
278.0000,76.0000,353.0000,76.0000,353.0000,289.0000,278.0000,289.0000
276.9724,79.4304,352.9421,78.6135,355.1981,288.4172,279.2284,289.2341
282.0000,288.9999,282.0000,80.0000,357.0000,80.0000,357.0000,288.9999
282.9406,284.9482,284.7130,77.5702,361.0323,78.2225,359.2598,285.6005
283.9001,284.8966,287.4038,78.1763,364.8222,79.4885,361.3185,286.2088
283.0000,278.9999,283.0000,71.0000,358.0000,71.0000,358.0000,278.9999
283.0000,64.0000,356.0000,64.0000,356.0000,275.0000,283.0000,275.0000
283.0000,62.0000,355.0000,62.0000,355.0000,273.0000,283.0000,273.0000
281.0000,68.0000,356.0000,68.0000,356.0000,277.0000,281.0000,277.0000
272.5034,270.5628,291.3660,59.3005,363.5583,65.7463,344.6957,277.0085
269.0082,266.9320,294.4958,55.7495,366.9065,64.4887,341.4190,275.6712
286.0000,58.0000,364.0000,58.0000,364.0000,271.0000,286.0000,271.0000
289.8761,272.8739,291.7534,62.6228,369.8364,63.3199,367.9592,273.5710
289.0000,63.0000,368.0000,63.0000,368.0000,272.0000,289.0000,272.0000
290.2643,273.2403,300.3015,65.3249,375.9253,68.9757,365.8880,276.8911
290.5842,275.5001,302.8151,69.6128,377.6993,74.0613,365.4684,279.9486
284.3989,273.3669,303.4810,67.7044,378.7505,74.6882,359.6685,280.3507
287.6986,272.3032,305.6687,67.8939,379.4065,74.3764,361.4364,278.7856
291.8324,272.8631,308.8152,72.8428,385.5919,79.3616,368.6091,279.3819
292.0188,270.9096,307.7399,75.5193,385.3752,81.7658,369.6541,277.1561
295.1461,272.1570,308.4155,78.8030,387.5721,84.2354,374.3027,277.5894
301.8014,268.5474,306.7986,78.6526,389.7938,80.8367,384.7965,270.7315
303.1983,267.6917,306.6211,81.1490,388.8962,82.6587,385.4734,269.2014
304.0132,263.7946,307.5029,77.0935,386.9331,78.5782,383.4433,265.2793
308.0000,75.0000,384.0000,75.0000,384.0000,261.0000,308.0000,261.0000
304.9219,259.7827,307.4539,72.4115,381.2783,73.4091,378.7462,260.7803
310.8982,72.7038,374.9133,70.9090,380.2318,260.6010,316.2167,262.3958
309.4212,71.9795,374.7625,66.7171,390.3799,260.6339,325.0386,265.8962
308.4928,71.3747,373.1761,65.7906,389.9780,260.4120,325.2947,265.9962
313.1287,69.1685,381.1598,65.9724,390.2642,259.7661,322.2331,262.9622
315.0000,57.0000,384.0000,57.0000,384.0000,255.0000,315.0000,255.0000
316.0000,53.0000,386.0000,53.0000,386.0000,255.0000,316.0000,255.0000
321.0000,52.0000,390.0000,52.0000,390.0000,255.0000,321.0000,255.0000
320.7928,55.0635,390.9143,51.3729,401.4530,251.6077,331.3315,255.2983
322.7879,55.2438,394.3410,53.6882,398.6311,251.0298,327.0779,252.5853
323.4042,57.1905,395.2256,53.8500,404.3276,249.5429,332.5062,252.8834
324.3028,61.9584,395.1919,55.3421,413.3988,250.4161,342.5097,257.0324
320.2464,60.4700,387.4283,52.2993,411.2718,248.3453,344.0898,256.5161
325.0000,59.0000,394.0000,59.0000,394.0000,254.0000,325.0000,254.0000
327.0000,64.0000,396.0000,64.0000,396.0000,257.0000,327.0000,257.0000
327.0000,65.0000,395.0000,65.0000,395.0000,255.0000,327.0000,255.0000
329.0000,67.0000,398.0000,67.0000,398.0000,255.0000,329.0000,255.0000
324.0000,69.0000,397.0000,69.0000,397.0000,250.0000,324.0000,250.0000
322.0000,69.0000,394.0000,69.0000,394.0000,249.0000,322.0000,249.0000
323.0000,249.0000,323.0000,72.0000,394.0000,72.0000,394.0000,249.0000
324.0000,68.0000,395.0000,68.0000,395.0000,245.0000,324.0000,245.0000
321.5433,247.5151,324.1130,70.2045,397.4744,71.2677,394.9047,248.5783
323.0000,71.0000,397.0000,71.0000,397.0000,249.0000,323.0000,249.0000
325.7277,245.6073,328.2877,61.2818,398.6214,62.2586,396.0613,246.5842
329.0000,60.0000,398.0000,60.0000,398.0000,248.0000,329.0000,248.0000
327.5654,248.5524,330.3178,61.3870,399.7440,62.4080,396.9915,249.5734
326.0000,64.0000,397.0000,64.0000,397.0000,249.0000,326.0000,249.0000
328.0000,64.0000,398.0000,64.0000,398.0000,249.0000,328.0000,249.0000
330.0000,64.0000,396.0000,64.0000,396.0000,247.0000,330.0000,247.0000
329.0000,65.0000,398.0000,65.0000,398.0000,246.0000,329.0000,246.0000
327.7275,69.0082,397.2092,66.9027,402.6275,245.7083,333.1459,247.8138
328.0000,68.0000,398.0000,68.0000,398.0000,246.0000,328.0000,246.0000
330.0000,69.0000,400.0000,69.0000,400.0000,246.0000,330.0000,246.0000
331.0000,67.0000,397.0000,67.0000,397.0000,246.0000,331.0000,246.0000
333.0000,66.0000,395.0000,66.0000,395.0000,245.0000,333.0000,245.0000
331.0000,66.0000,393.0000,66.0000,393.0000,245.0000,331.0000,245.0000
328.0000,70.0000,394.0000,70.0000,394.0000,245.0000,328.0000,245.0000
328.0000,71.0000,396.0000,71.0000,396.0000,244.0000,328.0000,244.0000
319.0000,77.0000,393.0000,77.0000,393.0000,245.0000,319.0000,245.0000
314.0000,74.0000,394.0000,74.0000,394.0000,239.0000,314.0000,239.0000
313.0000,75.0000,397.0000,75.0000,397.0000,240.0000,313.0000,240.0000
308.0000,75.0000,397.0000,75.0000,397.0000,239.0000,308.0000,239.0000
306.0000,242.0000,306.0000,80.0000,397.0000,80.0000,397.0000,242.0000
304.0000,86.0000,395.0000,86.0000,395.0000,242.0000,304.0000,242.0000
302.0000,84.0000,394.0000,84.0000,394.0000,240.0000,302.0000,240.0000
316.0000,82.0000,399.0000,82.0000,399.0000,236.0000,316.0000,236.0000
309.0000,84.0000,392.0000,84.0000,392.0000,240.0000,309.0000,240.0000
312.1743,88.6022,388.9985,87.8416,390.5203,241.5394,313.6961,242.3001
300.5168,85.5131,369.4136,77.1620,388.2299,232.3964,319.3331,240.7475
302.1947,86.4280,368.0162,77.4523,389.0162,231.4523,323.1947,240.4280
307.4461,239.0061,316.0703,78.0216,371.0909,80.9692,362.4668,241.9536
286.8637,226.7294,331.3808,74.4344,387.8766,90.9485,343.3596,243.2436
285.5607,224.5504,333.7491,75.3958,387.0753,92.6243,338.8868,241.7789
288.4706,229.1177,326.9411,75.2353,384.8235,89.7059,346.3529,243.5883
278.9573,232.1085,315.8249,76.7381,364.5235,88.2937,327.6560,243.6641
276.2638,228.6327,311.6687,76.1195,363.1107,88.0614,327.7059,240.5746
268.7000,223.9000,317.7000,76.9000,366.9000,93.3000,317.9000,240.3000
271.4259,230.1740,305.1591,71.7746,353.6984,82.1117,319.9652,240.5111
271.7660,229.4697,305.8563,68.3158,354.1012,78.5214,320.0110,239.6754
273.7014,232.1714,296.3846,67.2029,347.9472,74.2927,325.2640,239.2613
262.7957,228.4263,289.6399,62.8875,344.7054,71.8171,317.8612,237.3559
263.8950,230.1037,288.7632,63.4870,343.4261,71.6457,318.5579,238.2624
255.0099,227.0990,292.2277,62.2772,346.0634,74.4337,308.8455,239.2555
261.3562,72.2572,320.7977,66.9735,335.6923,234.5384,276.2509,239.8221
269.0000,70.0000,329.0000,70.0000,329.0000,237.0000,269.0000,237.0000
271.0000,71.0000,329.0000,71.0000,329.0000,237.0000,271.0000,237.0000
262.4821,79.2471,317.5347,70.2850,343.8051,231.6596,288.7524,240.6217
262.4596,79.4601,318.2147,71.1289,342.5498,233.9868,286.7947,242.3180
262.2409,80.8277,319.4375,71.7599,344.8906,232.3100,287.6940,241.3778
276.0000,235.0000,276.0000,74.0000,332.0000,74.0000,332.0000,235.0000
276.5169,74.2827,332.9677,73.5399,335.0874,234.6436,278.6367,235.3864
277.0000,74.0000,334.0000,74.0000,334.0000,234.0000,277.0000,234.0000
275.0000,71.0000,331.0000,71.0000,331.0000,230.0000,275.0000,230.0000
276.0000,71.0000,330.0000,71.0000,330.0000,232.0000,276.0000,232.0000
277.0000,69.0000,327.0000,69.0000,327.0000,230.0000,277.0000,230.0000
279.0000,63.0000,323.0000,63.0000,323.0000,228.0000,279.0000,228.0000
279.0000,62.0000,322.0000,62.0000,322.0000,229.0000,279.0000,229.0000
273.9408,63.1089,319.6878,61.1622,326.8274,228.9435,281.0805,230.8902
276.0000,63.0000,325.0000,63.0000,325.0000,231.0000,276.0000,231.0000
275.0000,63.0000,326.0000,63.0000,326.0000,231.0000,275.0000,231.0000
272.3117,230.4679,276.8365,63.0496,329.9059,64.4839,325.3810,231.9022
273.3503,232.1911,279.1134,70.8255,335.8981,72.8535,330.1350,234.2191
271.4299,230.6537,280.3309,68.2099,337.5701,71.3463,328.6691,233.7901
274.2488,232.6874,283.7386,68.1965,339.7062,71.4254,330.2164,235.9163
264.7307,230.3461,297.1153,68.4231,354.8076,79.9615,322.4231,241.8846
270.0117,230.4154,292.1681,69.7818,348.1377,77.5017,325.9814,238.1354
268.1120,229.3840,297.1520,69.6640,354.0880,80.0160,325.0480,239.7360
274.1209,236.7633,282.6905,78.2265,341.9228,81.4283,333.3532,239.9650
273.5348,234.2264,286.0034,76.2897,345.5272,80.9890,333.0585,238.9257
273.4319,235.7800,284.3553,78.4830,345.5878,82.7353,334.6644,240.0323
274.2457,233.9113,292.3686,79.8669,350.2730,86.6792,332.1501,240.7236
268.3530,229.5882,306.0000,79.0000,361.0588,92.7647,323.4118,243.3529
272.1882,233.1529,306.0706,80.6824,360.3882,92.7529,326.5059,245.2235
261.3618,229.2159,313.3397,78.7537,366.9915,97.2879,315.0136,247.7502
264.0151,230.4539,313.3640,79.3229,368.6342,97.3703,319.2853,248.5013
258.5207,228.4468,317.0341,77.5438,370.4692,98.2636,311.9559,249.1666
261.8368,228.4158,316.9772,76.3042,372.6049,96.4693,317.4645,248.5809
259.7629,228.2165,318.1650,76.3711,374.2526,97.9433,315.8505,249.7887
278.7665,233.7354,288.1323,83.8833,371.8677,89.1167,362.5019,238.9689
279.1400,232.9968,287.1910,83.2468,369.0619,87.6485,361.0108,237.3984
279.4584,229.3606,296.6876,80.0409,383.3795,90.0438,366.1504,239.3635
282.2078,230.5563,296.1231,80.2707,383.7056,88.3802,369.7903,238.6658
291.1917,231.5285,300.8145,82.3751,386.4259,87.8984,376.8031,237.0518
290.3969,231.6498,299.7315,82.2957,383.3424,87.5214,374.0078,236.8755
295.1094,233.3992,307.0264,80.8614,387.1312,87.1196,375.2142,239.6574
303.3907,234.7130,308.7141,84.3262,383.2756,86.9655,377.9522,237.3523
291.7948,230.7648,323.9688,79.5466,386.4184,92.8337,354.2443,244.0519
294.9551,231.4719,322.2341,79.9221,381.4747,90.5854,354.1957,242.1352
293.7727,229.9735,317.4330,79.6608,367.4800,87.5385,343.8197,237.8512
296.0349,230.5186,315.5785,81.1504,363.7353,87.4514,344.1918,236.8195
292.0123,226.7016,321.5891,81.6347,369.4445,91.3916,339.8677,236.4585
301.0000,79.0000,343.0000,79.0000,343.0000,230.0000,301.0000,230.0000
299.9906,78.5780,340.7260,77.6727,344.1273,230.7305,303.3919,231.6357
294.8234,78.7604,338.5779,77.6932,342.3269,231.4066,298.5725,232.4738
287.2271,231.7912,288.3935,76.6646,337.1577,77.0312,335.9913,232.1578
286.0000,79.0000,338.0000,79.0000,338.0000,234.0000,286.0000,234.0000
286.0000,76.0000,341.0000,76.0000,341.0000,232.0000,286.0000,232.0000
290.0000,75.0000,341.0000,75.0000,341.0000,233.0000,290.0000,233.0000
290.0000,72.0000,340.0000,72.0000,340.0000,234.0000,290.0000,234.0000
288.0000,73.0000,337.0000,73.0000,337.0000,238.0000,288.0000,238.0000
276.8650,237.5572,297.7220,74.1773,350.5840,80.9256,329.7270,244.3056
275.6523,235.8759,299.4636,73.1654,352.9761,80.9965,329.1648,243.7070
278.0141,236.1346,293.4106,71.1717,349.6144,76.4174,334.2178,241.3803
264.7303,231.6369,292.9208,70.9510,348.6784,80.7330,320.4879,241.4189
266.0764,231.7722,292.0671,69.3307,349.0874,78.4540,323.0967,240.8955
260.0758,229.4513,294.9585,68.9910,352.5415,81.5090,317.6588,241.9693
274.0000,78.0000,337.0000,78.0000,337.0000,240.0000,274.0000,240.0000
272.0000,87.0000,337.0000,87.0000,337.0000,239.0000,272.0000,239.0000
266.0000,81.0000,335.0000,81.0000,335.0000,241.0000,266.0000,241.0000
245.4704,220.9613,295.8371,74.0584,363.0760,97.1118,312.7093,244.0146
246.8900,222.6226,293.0394,75.7838,358.8789,96.4762,312.7296,243.3150
255.0225,228.2359,290.0786,76.3258,353.8371,91.0393,318.7809,242.9494
281.0000,81.0000,347.0000,81.0000,347.0000,239.0000,281.0000,239.0000
281.0000,83.0000,344.0000,83.0000,344.0000,240.0000,281.0000,240.0000
283.8824,239.5874,286.0456,81.6719,343.6375,82.4608,341.4743,240.3764
290.4073,245.3026,294.2253,88.7616,352.1909,90.1754,348.3728,246.7164
289.5632,242.3467,292.9774,98.9518,350.6589,100.3252,347.2448,243.7201
299.0000,87.0000,356.0000,87.0000,356.0000,240.0000,299.0000,240.0000
298.0000,85.0000,357.0000,85.0000,357.0000,244.0000,298.0000,244.0000
297.0000,86.0000,356.0000,86.0000,356.0000,246.0000,297.0000,246.0000
296.0000,84.0000,357.0000,84.0000,357.0000,244.0000,296.0000,244.0000
299.0000,91.0000,364.0000,91.0000,364.0000,249.0000,299.0000,249.0000
301.0000,90.0000,366.0000,90.0000,366.0000,247.0000,301.0000,247.0000
303.0000,94.0000,369.0000,94.0000,369.0000,249.0000,303.0000,249.0000
304.0030,247.8031,306.3583,92.3539,372.5552,93.3569,370.1999,248.8061
304.0000,92.0000,371.0000,92.0000,371.0000,247.0000,304.0000,247.0000
306.0000,90.0000,373.0000,90.0000,373.0000,246.0000,306.0000,246.0000
306.7228,243.6093,310.1147,89.2772,379.2792,90.7973,375.8873,245.1294
308.0000,92.0000,378.0000,92.0000,378.0000,245.0000,308.0000,245.0000
307.0000,100.0000,380.0000,100.0000,380.0000,249.0000,307.0000,249.0000
312.0000,103.0000,386.0000,103.0000,386.0000,250.0000,312.0000,250.0000
313.0000,104.0000,388.0000,104.0000,388.0000,249.0000,313.0000,249.0000
310.1557,247.7092,322.2158,109.0188,397.4297,115.5591,385.3696,254.2495
313.0000,110.0000,389.0000,110.0000,389.0000,252.0000,313.0000,252.0000
327.0000,117.0000,400.0000,117.0000,400.0000,258.0000,327.0000,258.0000
317.7838,106.1596,389.8287,105.0339,392.1243,251.9512,320.0793,253.0769
274.6858,228.3836,312.5830,83.8130,378.4183,101.0708,340.5211,245.6414
279.0038,233.6641,306.8723,85.5205,368.0824,97.0353,340.2138,245.1789
273.9143,238.0654,293.9532,89.2052,359.5151,98.0309,339.4762,246.8910
329.7429,123.3912,380.3665,107.1417,425.5081,247.7752,374.8845,264.0247
327.7141,125.4431,377.3069,107.8659,425.8735,244.8930,376.2806,262.4702
329.4793,124.4124,375.4179,109.7653,420.8524,252.2644,374.9138,266.9115
334.0000,121.0000,380.6423,111.2829,411.6323,260.0350,364.9900,269.7521
333.4757,120.7731,380.4268,111.2467,410.6213,260.0623,363.6701,269.5887
332.8013,120.2252,383.6172,111.3526,409.4658,259.3949,358.6499,268.2675
328.7328,119.9288,389.0610,112.6478,406.6563,258.4380,346.3282,265.7190
329.4306,119.9150,390.0017,112.7286,407.1646,257.3873,346.5935,264.5737
322.2587,122.6035,384.3844,112.5832,407.0923,253.3722,344.9666,263.3925
314.1858,120.2246,388.2337,115.3530,397.0357,249.1424,322.9878,254.0140
314.0617,119.7184,391.1300,115.8162,397.7747,247.0494,320.7065,250.9516
311.0508,245.8479,318.3571,116.1610,400.5891,120.7937,393.2827,250.4807
305.2139,248.1772,310.3757,115.6900,394.8579,118.9815,389.6960,251.4687
306.0000,115.0000,391.0000,115.0000,391.0000,248.0000,306.0000,248.0000
305.2782,246.2479,310.3251,111.6622,396.8660,114.9075,391.8190,249.4932
298.9769,245.5993,331.3576,106.3622,410.2314,124.7050,377.8507,263.9420
299.4048,247.1247,326.3457,105.6849,406.7155,120.9934,379.7746,262.4333
299.7735,248.6341,316.3554,102.4114,400.2355,111.9236,383.6535,258.1463
293.9987,105.9388,362.6436,104.5379,365.5832,248.5799,296.9384,249.9808
234.2388,244.4987,283.4967,93.9101,329.4998,108.9579,280.2418,259.5464
249.7309,252.9948,252.7098,98.0906,313.7257,99.2640,310.7468,254.1682
250.9773,258.9097,257.7419,107.3813,320.5097,110.1835,313.7450,261.7118
256.1316,255.9756,260.2773,108.1106,317.0738,109.7030,312.9280,257.5681
257.0000,110.0000,323.0000,110.0000,323.0000,258.0000,257.0000,258.0000
261.1674,258.8913,270.1608,107.2892,330.5500,110.8716,321.5566,262.4737
279.0000,107.0000,345.0000,107.0000,345.0000,258.0000,279.0000,258.0000
294.0000,109.0000,361.0000,109.0000,361.0000,258.0000,294.0000,258.0000
283.9956,260.1999,287.3327,110.0296,357.8756,111.5973,354.5385,261.7675
279.0611,259.7172,286.1154,111.5769,359.9005,115.0905,352.8462,263.2308
261.1432,238.5039,316.0024,99.5273,382.5081,125.7795,327.6489,264.7561
262.9112,244.8502,309.8935,101.4306,374.0905,122.4607,327.1082,265.8803
260.9534,244.5421,308.1701,100.5312,372.3970,121.5892,325.1803,265.6001
260.9994,245.9258,295.9287,100.8347,361.5514,116.6327,326.6220,261.7238
269.7081,250.7937,287.9115,101.5258,354.6266,109.6618,336.4232,258.9297
267.6400,248.5200,288.8800,99.8400,355.2400,109.3200,334.0000,258.0000
264.0192,251.3687,285.8456,102.2213,356.6703,112.5859,334.8439,261.7333
268.8527,256.9359,273.2724,108.8738,336.6190,110.7647,332.1992,258.8269
268.8858,256.9387,273.1561,109.6132,336.2915,111.4432,332.0212,258.7687
267.0000,108.0000,331.0000,108.0000,331.0000,256.0000,267.0000,256.0000
249.9968,250.2344,289.8311,99.7494,337.1342,112.2708,297.2999,262.7559
253.0312,252.0733,291.0101,97.6255,338.1591,109.2195,300.1802,263.6673
254.1823,250.5614,287.8376,95.7473,336.1209,106.2437,302.4657,261.0577
263.2729,242.5440,283.6122,87.4573,330.8166,93.6481,310.4774,248.7347
263.0256,243.4296,283.6734,85.9899,329.0890,91.9461,308.4412,249.3857
264.8658,239.2073,282.0000,85.0000,329.9634,90.3293,312.8293,244.5366
263.9600,240.2800,285.7400,87.8200,335.5800,94.9400,313.8000,247.4000
264.1017,241.0512,286.2810,88.5682,336.5804,95.8844,314.4011,248.3675
276.0000,246.0000,276.0000,91.0000,333.0000,91.0000,333.0000,246.0000
281.2999,97.3805,339.9916,96.9220,341.1874,249.9907,282.4957,250.4493
282.0000,97.0000,342.0000,97.0000,342.0000,250.0000,282.0000,250.0000
292.0000,102.0000,354.0000,102.0000,354.0000,255.0000,292.0000,255.0000
288.0000,257.0000,288.0000,103.0000,353.0000,103.0000,353.0000,257.0000
287.0000,105.0000,355.0000,105.0000,355.0000,258.0000,287.0000,258.0000
279.8123,110.2483,348.5420,100.7025,370.3134,257.4565,301.5836,267.0023
286.0000,261.0000,286.0000,112.0000,361.0000,112.0000,361.0000,261.0000
286.0000,114.0000,364.0000,114.0000,364.0000,262.0000,286.0000,262.0000
282.0000,116.0000,364.0000,116.0000,364.0000,262.0000,282.0000,262.0000
271.0000,262.0000,271.0000,118.0000,354.0000,118.0000,354.0000,262.0000
271.0000,119.0000,357.0000,119.0000,357.0000,263.0000,271.0000,263.0000
270.0000,117.0000,359.0000,117.0000,359.0000,262.0000,270.0000,262.0000
249.6429,117.5973,335.7008,108.3166,351.6819,256.5049,265.6239,265.7856
249.7571,116.1674,335.8795,106.5089,352.6813,256.3254,266.5590,265.9840
252.9155,114.5387,343.5202,112.3288,347.1498,261.1427,256.5451,263.3525
243.0000,110.0000,335.0000,110.0000,335.0000,259.0000,243.0000,259.0000
252.0000,116.0000,352.0000,116.0000,352.0000,261.0000,252.0000,261.0000
246.0000,116.0000,350.0000,116.0000,350.0000,258.0000,246.0000,258.0000
231.0309,114.1103,327.2067,111.4387,331.2499,256.9930,235.0741,259.6646
230.1425,110.9873,323.4327,108.4884,327.3629,255.2135,234.0726,257.7123
232.0000,108.0000,324.0000,108.0000,324.0000,259.0000,232.0000,259.0000
233.7587,109.3190,324.5657,108.5808,325.8189,262.7251,235.0119,263.4633
231.7003,108.3303,321.5343,107.5753,322.8466,263.7408,233.0126,264.4957
231.4986,106.6640,320.1719,105.2453,322.7201,264.5085,234.0468,265.9272
241.9402,264.9619,243.1382,105.6176,333.6068,106.2978,332.4087,265.6422
234.0598,109.7419,320.3488,106.3973,326.4117,262.8213,240.1227,266.1658
253.0000,106.0000,344.0000,106.0000,344.0000,266.0000,253.0000,266.0000
257.0000,266.0000,257.0000,108.0000,351.0000,108.0000,351.0000,266.0000
255.0000,108.0000,350.0000,108.0000,350.0000,265.0000,255.0000,265.0000
256.9464,263.9225,262.8959,106.2602,356.1028,109.7775,350.1533,267.4398
252.1643,262.7951,273.9371,103.1278,359.5274,114.7992,337.7545,274.4665
252.7029,263.1696,273.5423,105.1375,360.0166,116.5406,339.1772,274.5728
253.3514,260.8919,279.9730,101.1622,363.3243,115.0541,336.7027,274.7838
253.0661,260.1951,287.8184,99.9486,364.8463,116.6534,330.0940,276.8999
255.6361,259.9772,291.3280,102.1813,367.2191,119.3472,331.5272,277.1430
261.4616,258.2732,293.2394,101.1496,365.3030,115.7242,333.5251,272.8478
247.0089,249.4303,309.2253,98.9065,381.2303,128.6686,319.0139,279.1924
246.9495,249.9512,308.3021,99.7431,381.7283,129.7341,320.3757,279.9422
246.8621,248.6552,310.1207,101.0517,381.4483,131.6207,318.1897,279.2242
253.8000,254.6000,306.2000,97.4000,374.9000,120.3000,322.5000,277.5000
256.2615,255.2923,305.2588,97.1647,372.5321,118.0100,323.5349,276.1375
262.2415,258.6818,300.3438,92.2353,364.8662,107.0055,326.7640,273.4520
272.9212,259.1405,291.2090,87.2350,353.5671,93.8689,335.2793,265.7744
275.0483,261.4207,289.4966,88.0414,352.2276,93.2690,337.7793,266.6483
277.8195,263.8510,286.0208,88.8916,349.8181,91.8821,341.6168,266.8414
276.6832,90.7982,341.5717,89.4464,345.1870,262.9753,280.2985,264.3271
276.5942,91.7424,341.4733,90.3006,345.3322,263.9482,280.4531,265.3899
274.0179,93.4994,342.7873,91.0433,348.9618,263.9299,280.1924,266.3860
276.8898,89.9219,345.6504,88.0635,350.2957,259.9380,281.5350,261.7964
280.0000,93.0000,346.0000,93.0000,346.0000,263.9999,280.0000,263.9999
286.0000,261.9999,286.0000,90.0000,350.0000,90.0000,350.0000,261.9999
287.7647,92.9412,345.6529,88.4882,359.0353,262.4588,301.1471,266.9118
285.9307,91.3069,340.2871,85.8713,357.8119,261.1188,303.4554,266.5544
272.4939,101.9561,325.6212,88.5401,368.7346,259.2690,315.6073,272.6850
275.4846,106.7769,327.2693,92.6538,373.2616,261.2923,321.4770,275.4154
272.3350,109.9223,326.3481,94.0026,375.2803,260.0226,321.2672,275.9423
273.3317,111.2590,328.8760,94.8224,377.8776,260.4138,322.3333,276.8504
279.7092,108.9009,331.6008,97.2834,369.4953,266.5458,317.6037,278.1634
280.3020,108.5085,332.0123,96.6342,371.2624,267.5620,319.5520,279.4362
282.0463,107.8541,333.8765,96.3774,372.2838,269.8300,320.4536,281.3067
289.4400,111.0800,348.8000,102.6000,373.2799,273.9600,313.9200,282.4400
283.1176,112.5294,333.3059,101.3765,371.4471,273.0118,321.2588,284.1647
289.5756,108.3579,349.8821,100.3929,372.9199,274.8219,312.6134,282.7869
282.0671,116.7710,336.0860,107.0086,367.0369,278.2704,313.0180,288.0329
280.9330,113.2814,347.8488,100.2246,381.3341,271.8373,314.4183,284.8940
276.7058,119.1765,347.7529,103.3882,385.7765,274.4941,314.7294,290.2823
269.9856,124.3792,333.9600,105.7200,382.6912,272.7983,318.7168,291.4576
263.9001,125.7000,329.6000,103.8000,384.4000,268.2000,318.7000,290.1000
262.4160,130.3942,326.3284,107.1533,385.6277,270.2263,321.7153,293.4672
270.1686,110.6281,328.5185,101.0625,357.5947,278.4271,299.2448,287.9927
265.7308,111.6538,324.1923,99.9615,360.1154,279.5769,301.6539,291.2692
269.4487,108.9187,331.9479,100.0693,357.2997,279.1168,294.8005,287.9662
273.7646,104.1600,344.4959,103.5395,346.0435,279.9557,275.3121,280.5762
267.0801,281.2531,269.7818,104.2944,344.6803,105.4379,341.9787,282.3966
267.0575,281.2624,269.8097,102.3663,345.7148,103.5341,342.9626,282.4301
267.5397,283.4274,274.2096,103.3411,347.5904,106.0589,340.9206,286.1452
261.7809,282.2861,286.3651,100.6359,359.7429,110.5667,335.1587,292.2169
262.6533,284.8626,284.4495,100.9570,357.1469,109.5729,335.3507,293.4786
256.1085,279.6378,291.6746,97.7033,366.1589,112.2642,330.5928,294.1986
251.3041,277.4851,301.1765,99.3694,373.1721,119.5282,323.2997,297.6439
250.6606,278.1599,298.0591,99.7188,372.0568,119.3745,324.6584,297.8155
245.6281,276.1855,302.0022,100.1882,377.3851,124.3343,321.0110,300.3316
239.8913,277.9315,296.9745,103.8277,375.2635,129.4962,318.1803,303.6001
238.0226,276.6963,297.3342,104.4101,376.5668,131.6869,317.2552,303.9731
235.8870,272.2121,298.7576,103.6045,379.7357,133.7997,316.8651,302.4073
235.8027,274.1922,294.2580,106.1332,378.1906,135.3271,319.7352,303.3862
233.6003,273.7740,292.8786,103.3491,376.8111,132.5430,317.5329,302.9680
230.4000,272.8000,287.4000,101.8000,374.1000,130.7000,317.1000,301.7000
261.0000,288.0000,261.0000,106.0000,346.0000,106.0000,346.0000,288.0000
239.4136,282.3811,268.5135,98.0811,349.5460,110.8757,320.4460,295.1757
260.0000,106.0000,341.0000,106.0000,341.0000,291.0000,260.0000,291.0000
256.0000,96.0000,334.0000,96.0000,334.0000,287.0000,256.0000,287.0000
254.0000,94.0000,329.0000,94.0000,329.0000,288.0000,254.0000,288.0000
262.0708,286.5827,283.6212,83.6500,343.8359,90.0445,322.2856,292.9772
258.0269,286.2502,279.9117,82.7217,339.1727,89.0938,317.2879,292.6224
259.7298,283.6216,294.1352,77.1892,349.9189,86.4865,315.5135,292.9189
265.6680,284.6092,293.5231,77.6858,348.4508,85.0799,320.5958,292.0033
276.0594,281.4059,296.7030,74.9703,353.9307,80.6931,333.2871,287.1287
283.2999,280.9359,292.9941,74.1247,348.9337,76.7469,339.2394,283.5581
291.0000,80.0000,350.0000,80.0000,350.0000,288.0000,291.0000,288.0000
292.0112,80.3849,350.6298,76.8536,363.1471,284.6418,304.5285,288.1730
292.0828,82.4069,351.8759,78.8897,364.0482,285.8207,304.2551,289.3380
288.0000,84.0000,357.0000,84.0000,357.0000,292.0000,288.0000,292.0000
275.0000,291.9999,275.0000,83.0000,343.0000,83.0000,343.0000,291.9999
280.2747,293.8799,282.2489,84.6250,348.7995,85.2528,346.8254,294.5078
256.6083,291.5605,258.6670,83.6304,338.0355,84.4162,335.9768,292.3463
250.2381,289.6646,254.7644,83.7201,345.4678,85.7136,340.9416,291.6581
244.7025,286.8751,255.8852,81.1133,351.9601,86.3348,340.7774,292.0966
238.4779,287.8318,252.2389,81.4159,355.3141,88.2876,341.5531,294.7035
247.0002,292.7474,264.3839,86.3165,372.5536,95.4255,355.1700,301.8564
243.8080,290.0560,281.3120,83.7840,386.0320,102.8240,348.5280,309.0960
247.4320,289.6241,285.1600,82.1200,394.1920,101.9440,356.4640,309.4481
253.7821,293.4864,266.6537,87.5409,385.2529,94.9533,372.3813,300.8988
250.3170,293.1721,262.2938,85.5746,383.5632,92.5710,371.5864,300.1684
254.2395,292.9939,267.8165,84.8141,387.9360,92.6480,374.3591,300.8278
258.5250,291.8358,264.9030,79.2371,385.2446,82.8474,378.8666,295.4460
259.0000,81.0000,377.0000,81.0000,377.0000,295.0000,259.0000,295.0000
267.0000,291.9999,267.0000,74.0000,370.0000,74.0000,370.0000,291.9999
267.4470,291.2641,297.6460,63.3989,379.3080,74.2215,349.1090,302.0867
267.6244,291.3484,295.3783,62.3792,373.5927,71.8597,345.8389,300.8290
273.5176,290.9401,282.6365,65.2479,357.1815,68.2599,348.0626,293.9520
272.0000,69.0000,348.0000,69.0000,348.0000,291.0000,272.0000,291.0000
272.0000,69.0000,347.0000,69.0000,347.0000,289.0000,272.0000,289.0000
271.0000,73.0000,352.0000,73.0000,352.0000,295.0000,271.0000,295.0000
266.0000,76.0000,347.0000,76.0000,347.0000,297.9999,266.0000,297.9999
265.0000,76.0000,344.0000,76.0000,344.0000,295.0000,265.0000,295.0000
236.6751,282.7497,287.9929,71.4411,363.8206,89.8564,312.5028,301.1649
238.5219,290.0987,279.1495,75.3526,352.2623,89.1848,311.6347,303.9309
248.3539,291.1692,275.2000,76.4000,355.6924,86.4615,328.8462,301.2307
247.1791,290.4710,281.9135,77.1022,348.7697,87.9858,314.0352,301.3546
240.6094,284.3440,282.4600,73.3475,353.0944,87.3576,311.2438,298.3542
245.3243,283.0541,280.0541,74.6757,352.0541,86.6757,317.3243,295.0541
256.0000,79.0000,343.0000,79.0000,343.0000,290.0000,256.0000,290.0000
270.0000,73.0000,348.0000,73.0000,348.0000,287.0000,270.0000,287.0000
266.0000,76.0000,352.0000,76.0000,352.0000,292.0000,266.0000,292.0000
269.0000,72.0000,358.0000,72.0000,358.0000,287.0000,269.0000,287.0000
282.2932,285.7906,283.6172,72.6187,378.3093,73.2069,376.9852,286.3788
280.2451,284.7246,281.6987,69.5926,380.4172,70.2596,378.9636,285.3916
287.0000,65.0000,384.0000,65.0000,384.0000,284.0000,287.0000,284.0000
276.4101,72.6798,374.6158,64.4272,392.6559,279.1046,294.4502,287.3571
277.3289,73.0176,375.6423,65.3898,392.2907,279.9688,293.9773,287.5966
287.5755,72.9918,381.3216,67.7420,393.2837,281.3521,299.5377,286.6019
289.0000,282.0000,289.0000,73.0000,391.0000,73.0000,391.0000,282.0000
290.0000,70.0000,391.0000,70.0000,391.0000,283.0000,290.0000,283.0000
290.0000,65.0000,385.0000,65.0000,385.0000,280.0000,290.0000,280.0000
303.0000,60.0000,389.0000,60.0000,389.0000,277.0000,303.0000,277.0000
313.0430,276.9059,323.6974,55.2932,406.8898,59.2928,396.2353,280.9056
320.4622,271.9290,349.5301,51.8436,428.1771,62.2309,399.1092,282.3163
333.6755,53.9719,409.2215,41.8846,445.5647,269.0297,370.0187,281.1170
349.0000,46.0000,423.0000,46.0000,423.0000,277.0000,349.0000,277.0000
334.7597,53.9965,412.6506,39.5920,455.3730,270.6091,377.4820,285.0136
351.1658,57.4606,430.4218,43.7761,470.2062,274.1946,390.9503,287.8791
344.5809,57.9723,422.9309,42.0667,468.7391,267.7147,390.3891,283.6203
355.4928,56.7511,428.3006,46.0440,461.7426,273.4496,388.9348,284.1566
342.7272,71.3734,425.1087,44.8936,493.9353,259.0208,411.5538,285.5005
341.5829,72.6475,423.4195,46.0030,493.0156,259.7624,411.1789,286.4069
356.2441,60.8272,444.2511,50.0509,472.1387,277.7994,384.1317,288.5757
368.0000,55.0000,466.0000,55.0000,466.0000,283.0000,368.0000,283.0000
370.0000,56.0000,470.0000,56.0000,470.0000,282.0000,370.0000,282.0000
383.4078,281.2042,390.6697,60.4431,486.1519,63.5840,478.8900,284.3451
391.8930,279.7354,397.7745,60.6517,486.8244,63.0423,480.9429,282.1259
379.5644,275.3564,400.9505,61.4951,497.0891,71.1089,475.7030,284.9703
395.0000,284.9999,395.0000,74.0000,491.0000,74.0000,491.0000,284.9999
396.0000,73.0000,491.0000,73.0000,491.0000,284.0000,396.0000,284.0000
392.0000,79.0000,494.0000,79.0000,494.0000,284.0000,392.0000,284.0000
391.3865,86.8388,488.8415,74.2057,515.0071,276.0547,417.5521,288.6877
366.4343,99.8580,466.6642,67.0905,531.0972,264.1797,430.8673,296.9472
355.9879,106.9429,451.7724,69.4191,523.2031,251.7555,427.4187,289.2793
395.2233,87.9705,497.8686,83.7809,505.8512,279.3530,403.2058,283.5426
330.5442,148.8280,421.9527,79.4456,524.9006,215.0754,433.4921,284.4578
362.4269,100.7889,452.8293,72.1806,511.3350,257.0585,420.9326,285.6669
350.3664,108.0455,423.8794,79.8370,493.0763,260.1684,419.5633,288.3769
354.0685,106.8493,423.5480,80.7945,491.2329,261.2877,421.7534,287.3425
355.7134,101.0255,424.3631,80.8344,479.3790,267.8885,410.7293,288.0796
370.9838,91.1749,427.3023,76.7519,476.6413,269.4090,420.3228,283.8320
379.9211,87.7290,433.4603,77.7860,470.0008,274.5427,416.4616,284.4857
384.9893,272.2967,392.0872,76.3945,469.4277,79.1966,462.3298,275.0989
384.9979,76.7610,447.7474,73.3507,458.6368,273.7154,395.8873,277.1257
385.3995,76.1570,450.9726,75.4519,453.1272,275.8266,387.5541,276.5317
390.3514,73.1081,451.7668,72.3404,454.2969,274.7463,392.8815,275.5140
394.0000,71.0000,456.0000,71.0000,456.0000,274.0000,394.0000,274.0000
389.0801,274.4779,399.8342,70.1492,462.5027,73.4475,451.7486,277.7762
394.0000,71.0000,455.0000,71.0000,455.0000,277.0000,394.0000,277.0000
386.5611,77.7132,448.0968,74.0062,460.4341,278.8052,398.8984,282.5121
393.0000,78.0000,454.0000,78.0000,454.0000,280.0000,393.0000,280.0000
392.0000,82.0000,453.0000,82.0000,453.0000,280.0000,392.0000,280.0000
387.6239,277.8328,390.2637,82.4901,453.4549,83.3440,450.8151,278.6867
390.0000,85.0000,452.0000,85.0000,452.0000,280.0000,390.0000,280.0000
389.0000,84.0000,452.0000,84.0000,452.0000,279.0000,389.0000,279.0000
388.0000,83.0000,449.0000,83.0000,449.0000,279.0000,388.0000,279.0000
388.0000,83.0000,448.0000,83.0000,448.0000,278.0000,388.0000,278.0000
386.0000,82.0000,446.0000,82.0000,446.0000,278.0000,386.0000,278.0000
385.0000,75.0000,438.0000,75.0000,438.0000,275.0000,385.0000,275.0000
378.5797,276.3053,391.9292,76.0620,446.5531,79.7036,433.2036,279.9469
369.8582,271.2787,399.6968,72.3545,456.1760,80.8264,426.3374,279.7506
379.0000,80.0000,440.0000,80.0000,440.0000,283.0000,379.0000,283.0000
379.0000,79.0000,441.0000,79.0000,441.0000,283.0000,379.0000,283.0000
376.0000,79.0000,440.0000,79.0000,440.0000,285.0000,376.0000,285.0000
376.0000,84.0000,438.0000,84.0000,438.0000,290.0000,376.0000,290.0000
362.7357,282.8248,387.9569,76.8519,452.7608,84.7870,427.5396,290.7599
367.3115,285.5738,385.8279,81.8934,448.2213,87.5656,429.7049,291.2459
372.0000,88.0000,437.0000,88.0000,437.0000,288.0000,372.0000,288.0000
374.0000,89.0000,438.0000,89.0000,438.0000,286.0000,374.0000,286.0000
360.8373,277.6250,390.8594,88.4856,458.2256,99.1786,428.2036,288.3180
371.0000,88.0000,435.0000,88.0000,435.0000,283.0000,371.0000,283.0000
372.0000,87.0000,433.0000,87.0000,433.0000,283.0000,372.0000,283.0000
370.0000,87.0000,433.0000,87.0000,433.0000,285.0000,370.0000,285.0000
366.1147,279.7551,381.9071,80.7704,441.0110,85.4612,425.2186,284.4459
364.7379,277.1448,381.1656,80.0138,440.7517,84.9793,424.3241,282.1104
362.4869,280.7448,382.0737,87.8903,442.9612,94.0742,423.3745,286.9287
358.9278,276.7606,374.3980,78.2258,437.0307,83.1063,421.5605,281.6411
359.0062,277.6178,384.1741,80.4690,445.0125,88.2356,419.8445,285.3844
359.5632,277.8397,372.5264,80.7978,438.5565,85.1419,425.5932,282.1838
357.0000,82.0000,429.0000,82.0000,429.0000,277.0000,357.0000,277.0000
358.0000,81.0000,431.0000,81.0000,431.0000,274.0000,358.0000,274.0000
356.0000,82.0000,430.0000,82.0000,430.0000,276.0000,356.0000,276.0000
344.6539,96.0860,419.3902,90.2243,434.2607,279.8227,359.5244,285.6844
346.1790,96.6742,422.6351,91.2682,435.8996,278.8657,359.4435,284.2717
338.5312,101.1224,413.7003,91.6274,437.3456,278.8195,362.1765,288.3146
326.2115,113.7837,401.3857,100.3597,433.4562,279.9543,358.2819,293.3783
329.0270,113.1622,402.6487,100.8919,432.0271,277.1622,358.4054,289.4324
328.7341,115.2717,399.5202,104.3815,425.9942,276.4624,355.2081,287.3526
332.0820,115.2555,403.9286,110.5699,414.9107,278.9624,343.0641,283.6480
338.0000,115.0000,411.0000,115.0000,411.0000,280.0000,338.0000,280.0000
336.0000,117.0000,406.0000,117.0000,406.0000,282.0000,336.0000,282.0000
329.3134,280.8760,336.8892,116.7333,403.7468,119.8191,396.1710,283.9617
331.5715,280.9253,336.5680,118.5406,402.3826,120.5656,397.3861,282.9503
321.9098,279.9918,336.7623,116.6148,404.2951,122.7541,389.4426,286.1312
310.7692,279.8462,331.2923,115.6616,399.3538,124.1693,378.8307,288.3539
311.8649,279.1910,333.5333,114.8725,399.0425,123.5111,377.3741,287.8296
305.7404,282.1607,332.3020,115.7078,399.0180,126.3539,372.4564,292.8069
294.1718,281.4068,332.7861,115.9168,394.4299,130.3003,355.8156,295.7903
294.6545,282.2511,334.2253,116.0536,395.1073,130.5494,355.5365,296.7468
293.8717,281.2823,333.8607,115.3279,393.1530,129.6152,353.1640,295.5696
298.7338,284.8930,308.7137,120.2251,374.5325,124.2141,364.5526,288.8820
311.0000,123.0000,374.0000,123.0000,374.0000,286.0000,311.0000,286.0000
304.0000,123.0000,370.0000,123.0000,370.0000,287.0000,304.0000,287.0000
296.3384,283.8544,320.9883,115.4129,371.8742,122.8596,347.2242,291.3011
297.3013,284.5072,320.9353,115.1305,370.8472,122.0950,347.2132,291.4716
296.6032,286.8540,317.5205,115.3318,369.5516,121.6770,348.6342,293.1993
297.0559,285.7449,309.9891,111.1474,365.0205,115.2238,352.0873,289.8213
294.8882,286.5102,308.1515,107.4557,365.2088,111.6821,351.9455,290.7367
298.5395,282.0279,316.0202,100.6646,368.4608,105.7191,350.9800,287.0824
298.5874,282.1847,316.8012,97.4452,368.4819,102.5405,350.2682,287.2800
299.2772,281.2277,317.9109,94.8911,369.5941,100.0594,350.9604,286.3960
298.3000,281.9000,325.6200,90.6600,375.1800,97.7400,347.8600,288.9800
298.6603,283.2274,319.3069,87.0849,375.8384,93.0356,355.1918,289.1781
296.4790,283.3164,320.2540,86.3238,377.0475,93.1782,353.2725,290.1708
306.4805,288.6927,320.5752,89.0171,378.3345,93.0942,364.2398,292.7699
314.1833,98.6131,373.1141,97.3593,377.3489,296.3968,318.4181,297.6507
315.0414,97.7371,372.8895,96.3598,377.6504,296.3178,319.8023,297.6952
310.6024,101.6431,372.1522,98.3161,382.8980,297.1136,321.3481,300.4406
318.0000,104.0000,379.0000,104.0000,379.0000,302.0000,318.0000,302.0000
319.0000,106.0000,379.0000,106.0000,379.0000,304.0000,319.0000,304.0000
318.0000,108.0000,379.0000,108.0000,379.0000,305.0000,318.0000,305.0000
320.0000,112.0000,383.0000,112.0000,383.0000,308.0000,320.0000,308.0000
320.0000,114.0000,382.0000,114.0000,382.0000,307.0000,320.0000,307.0000
323.0000,111.0000,384.0000,111.0000,384.0000,306.0000,323.0000,306.0000
325.6831,306.7046,336.6216,109.8123,394.2769,113.0154,383.3385,309.9077
324.0583,309.0662,336.4047,111.5253,394.6771,115.1673,382.3307,312.7082
