1
334.0000,32.0000,370.0000,32.0000,370.0000,75.0000,334.0000,75.0000
336.0000,23.0000,373.0000,23.0000,373.0000,67.0000,336.0000,67.0000
337.0000,17.0000,373.0000,17.0000,373.0000,61.0000,337.0000,61.0000
338.0000,58.0000,338.0000,13.0000,374.0000,13.0000,374.0000,58.0000
343.0000,13.0000,380.0000,13.0000,380.0000,57.0000,343.0000,57.0000
348.0000,17.0000,385.0000,17.0000,385.0000,62.0000,348.0000,62.0000
355.0000,27.0000,393.0000,27.0000,393.0000,70.0000,355.0000,70.0000
360.0000,34.0000,399.0000,34.0000,399.0000,80.0000,360.0000,80.0000
365.0000,42.0000,401.0000,42.0000,401.0000,90.0000,365.0000,90.0000
363.9460,89.3243,371.1622,46.0270,408.4595,52.2432,401.2433,95.5405
369.0000,57.0000,406.0000,57.0000,406.0000,101.0000,369.0000,101.0000
367.0000,60.0000,404.0000,60.0000,404.0000,103.0000,367.0000,103.0000
366.0000,56.0000,401.0000,56.0000,401.0000,98.0000,366.0000,98.0000
355.0000,49.0000,391.0000,49.0000,391.0000,92.0000,355.0000,92.0000
349.0000,42.0000,385.0000,42.0000,385.0000,83.0000,349.0000,83.0000
342.0000,31.0000,376.0000,31.0000,376.0000,73.0000,342.0000,73.0000
332.0000,26.0000,370.0000,26.0000,370.0000,64.0000,332.0000,64.0000
328.0000,22.0000,365.0000,22.0000,365.0000,62.0000,328.0000,62.0000
321.0000,17.0000,357.0000,17.0000,357.0000,57.0000,321.0000,57.0000
323.0000,16.0000,360.0000,16.0000,360.0000,52.0000,323.0000,52.0000
324.0000,19.0000,360.0000,19.0000,360.0000,60.0000,324.0000,60.0000
327.0000,25.0000,359.0000,25.0000,359.0000,67.0000,327.0000,67.0000
327.0000,29.0000,362.0000,29.0000,362.0000,71.0000,327.0000,71.0000
332.0000,30.0000,368.0000,30.0000,368.0000,71.0000,332.0000,71.0000
338.0000,32.0000,374.0000,32.0000,374.0000,76.0000,338.0000,76.0000
339.0000,32.0000,376.0000,32.0000,376.0000,78.0000,339.0000,78.0000
339.0000,29.0000,378.0000,29.0000,378.0000,76.0000,339.0000,76.0000
335.0000,24.0000,375.0000,24.0000,375.0000,71.0000,335.0000,71.0000
340.0000,19.0000,385.0000,19.0000,385.0000,64.0000,340.0000,64.0000
349.0000,18.0000,393.0000,18.0000,393.0000,65.0000,349.0000,65.0000
357.0000,21.0000,398.0000,21.0000,398.0000,66.0000,357.0000,66.0000
367.0000,30.0000,408.0000,30.0000,408.0000,76.0000,367.0000,76.0000
380.7931,44.4827,417.1966,42.3414,419.8655,87.7138,383.4621,89.8552
394.0000,64.0000,430.0000,64.0000,430.0000,112.0000,394.0000,112.0000
397.0000,81.0000,434.0000,81.0000,434.0000,122.0000,397.0000,122.0000
392.0000,123.0000,394.3176,92.8706,435.0000,96.0000,432.6823,126.1294
402.0000,104.0000,447.0000,104.0000,447.0000,137.0000,402.0000,137.0000
402.0000,109.0000,448.0000,109.0000,448.0000,146.0000,402.0000,146.0000
400.0000,116.0000,437.0000,116.0000,437.0000,157.0000,400.0000,157.0000
399.0000,120.0000,440.0000,120.0000,440.0000,163.0000,399.0000,163.0000
397.1113,118.5604,434.4755,116.9358,436.4151,161.5472,399.0510,163.1717
393.0000,110.0000,435.0000,110.0000,435.0000,156.0000,393.0000,156.0000
389.0000,95.0000,430.0000,95.0000,430.0000,142.0000,389.0000,142.0000
380.0000,77.0000,421.0000,77.0000,421.0000,124.0000,380.0000,124.0000
366.0000,49.0000,407.0000,49.0000,407.0000,98.0000,366.0000,98.0000
351.0000,29.0000,393.0000,29.0000,393.0000,80.0000,351.0000,80.0000
334.0000,14.0000,376.0000,14.0000,376.0000,66.0000,334.0000,66.0000
319.0000,13.0000,361.0000,13.0000,361.0000,64.0000,319.0000,64.0000
303.0000,13.0000,346.0000,13.0000,346.0000,64.0000,303.0000,64.0000
301.0000,15.0000,345.0000,15.0000,345.0000,66.0000,301.0000,66.0000
303.0000,21.0000,347.0000,21.0000,347.0000,71.0000,303.0000,71.0000
303.4180,73.4016,307.9918,23.0902,351.4509,27.0410,346.8771,77.3525
311.0000,28.0000,354.0000,28.0000,354.0000,78.0000,311.0000,78.0000
314.0000,27.0000,357.0000,27.0000,357.0000,78.0000,314.0000,78.0000
309.0000,23.0000,353.0000,23.0000,353.0000,74.0000,309.0000,74.0000
306.9402,70.1970,309.5312,18.3766,351.5262,20.4763,348.9352,72.2968
303.0000,13.0000,344.0000,13.0000,344.0000,67.0000,303.0000,67.0000
297.0000,9.0000,344.0000,9.0000,344.0000,64.0000,297.0000,64.0000
295.0000,11.0000,342.0000,11.0000,342.0000,66.0000,295.0000,66.0000
293.0000,11.0000,341.0000,11.0000,341.0000,72.0000,293.0000,72.0000
299.0000,11.0000,348.0000,11.0000,348.0000,74.0000,299.0000,74.0000
309.0000,5.0000,360.0000,5.0000,360.0000,70.0000,309.0000,70.0000
322.0000,1.0000,375.0000,1.0000,375.0000,64.0000,322.0000,64.0000
326.0000,4.0000,381.0000,4.0000,381.0000,66.0000,326.0000,66.0000
324.0000,4.0000,380.0000,4.0000,380.0000,66.0000,324.0000,66.0000
324.0000,7.0000,379.0000,7.0000,379.0000,71.0000,324.0000,71.0000
323.0000,9.0000,379.0000,9.0000,379.0000,74.0000,323.0000,74.0000
322.0000,12.0000,379.0000,12.0000,379.0000,78.0000,322.0000,78.0000
322.0000,3.0000,380.0000,3.0000,380.0000,66.0000,322.0000,66.0000
316.0000,3.0000,376.0000,3.0000,376.0000,62.0000,316.0000,62.0000
316.0000,2.0000,376.0000,2.0000,376.0000,60.0000,316.0000,60.0000
310.0000,1.0000,371.0000,1.0000,371.0000,58.0000,310.0000,58.0000
299.0000,8.0000,358.0000,8.0000,358.0000,60.0000,299.0000,60.0000
287.0000,7.0000,350.0000,7.0000,350.0000,72.0000,287.0000,72.0000
279.0000,27.0000,340.0000,27.0000,340.0000,100.0000,279.0000,100.0000
290.0000,63.0000,355.0000,63.0000,355.0000,143.0000,290.0000,143.0000
304.0000,177.0000,304.0000,101.0000,369.0000,101.0000,369.0000,177.0000
321.0000,142.0000,392.0000,142.0000,392.0000,227.0000,321.0000,227.0000
333.0000,158.0000,406.0000,158.0000,406.0000,245.0000,333.0000,245.0000
337.0000,164.0000,407.0000,164.0000,407.0000,250.0000,337.0000,250.0000
328.0000,171.0000,396.0000,171.0000,396.0000,256.0000,328.0000,256.0000
328.0000,164.0000,387.0000,164.0000,387.0000,250.0000,328.0000,250.0000
313.0000,159.0000,377.0000,159.0000,377.0000,240.0000,313.0000,240.0000
297.0000,145.0000,362.0000,145.0000,362.0000,225.0000,297.0000,225.0000
275.1376,201.4587,277.4835,124.0449,344.7247,126.0826,342.3788,203.4963
260.0000,104.0000,328.0000,104.0000,328.0000,182.0000,260.0000,182.0000
245.0000,84.0000,316.0000,84.0000,316.0000,164.0000,245.0000,164.0000
233.0000,61.0000,305.0000,61.0000,305.0000,142.0000,233.0000,142.0000
222.0000,33.0000,295.0000,33.0000,295.0000,120.0000,222.0000,120.0000
204.0000,16.0000,277.0000,16.0000,277.0000,104.0000,204.0000,104.0000
180.0000,8.0000,256.0000,8.0000,256.0000,95.0000,180.0000,95.0000
161.0000,26.0000,239.0000,26.0000,239.0000,104.0000,161.0000,104.0000
144.0000,9.0000,217.0000,9.0000,217.0000,103.0000,144.0000,103.0000
149.0000,15.0000,229.0000,15.0000,229.0000,113.0000,149.0000,113.0000
147.0000,23.0000,223.0000,23.0000,223.0000,125.0000,147.0000,125.0000
155.0000,30.0000,238.0000,30.0000,238.0000,131.0000,155.0000,131.0000
157.0000,133.0000,157.0000,37.0000,243.0000,37.0000,243.0000,133.0000
165.0000,30.0000,256.0000,30.0000,256.0000,133.0000,165.0000,133.0000
167.0000,38.0000,258.0000,38.0000,258.0000,133.0000,167.0000,133.0000
