1
666.0000,684.0000,708.0000,684.0000,708.0000,704.0000,666.0000,704.0000
666.3054,698.4205,667.4337,681.4957,711.1063,684.4072,709.9780,701.3320
676.0000,681.0000,717.0000,681.0000,717.0000,701.0000,676.0000,701.0000
687.0000,676.0000,724.0000,676.0000,724.0000,700.0000,687.0000,700.0000
696.0000,673.0000,732.0000,673.0000,732.0000,698.0000,696.0000,698.0000
699.0000,668.0000,738.0000,668.0000,738.0000,694.0000,699.0000,694.0000
2
0
0
0
0
1
696.4020,583.6498,735.8752,582.0051,736.4800,596.5216,697.0069,598.1663
701.0000,572.0000,738.0000,572.0000,738.0000,589.0000,701.0000,589.0000
704.2000,567.6001,741.1000,555.3000,746.5000,571.5000,709.6000,583.8000
711.1275,560.1157,739.6617,544.0652,748.7952,560.3027,720.2610,576.3531
716.0000,540.0000,742.0000,540.0000,742.0000,565.0000,716.0000,565.0000
717.0001,561.0001,718.9691,531.4647,742.2656,533.0178,740.2966,562.5532
721.0000,526.0000,743.0000,526.0000,743.0000,558.0000,721.0000,558.0000
722.0000,521.0000,742.0000,521.0000,742.0000,557.0000,722.0000,557.0000
725.0000,512.0000,744.0000,512.0000,744.0000,551.0000,725.0000,551.0000
719.9903,508.6879,736.7195,502.5244,751.4537,542.5171,734.7244,548.6805
719.2307,509.8462,734.2307,499.8462,758.0769,535.6154,743.0769,545.6154
721.0001,509.0001,733.5001,496.5001,763.5001,526.5001,751.0001,539.0001
724.3027,509.5838,734.3784,495.7297,766.9622,519.4271,756.8865,533.2811
729.9999,503.0000,742.9999,490.0000,771.4999,518.5001,758.4999,531.5000
740.0000,497.0000,773.0000,497.0000,773.0000,517.0000,740.0000,517.0000
744.0000,494.0000,779.0000,494.0000,779.0000,515.0000,744.0000,515.0000
749.0000,490.0000,787.0000,490.0000,787.0000,508.0000,749.0000,508.0000
756.0000,487.0000,794.0000,487.0000,794.0000,503.0000,756.0000,503.0000
758.2316,487.3121,797.5370,480.3759,800.3961,496.5772,761.0906,503.5134
762.9200,494.5600,795.4000,470.2000,804.4000,482.2000,771.9200,506.5600
770.5000,490.5000,799.0000,462.0000,810.5000,473.5000,782.0000,502.0000
780.6153,490.0768,803.6922,455.4615,815.6922,463.4615,792.6153,498.0768
788.6002,485.8001,807.6002,447.8001,821.6002,454.8001,802.6002,492.8001
797.9769,481.0846,808.8923,441.0615,825.4769,445.5846,814.5615,485.6077
806.5405,436.2433,821.2972,433.7838,828.3513,476.1081,813.5945,478.5676
806.0001,432.0001,819.8793,426.0518,835.7070,462.9828,821.8277,468.9312
810.0002,427.0001,821.2001,421.4001,838.8001,456.6001,827.6002,462.2001
811.1232,423.2153,825.2308,415.1538,844.2462,448.4307,830.1385,456.4922
812.5620,422.7552,824.3517,412.7793,848.4379,441.2448,836.6482,451.2207
814.1398,420.9520,830.8057,408.2074,852.0087,435.9345,835.3428,448.6790
814.9761,421.7871,832.0385,405.7284,855.4954,430.6513,838.4330,446.7101
817.9695,421.8114,832.0770,402.2779,860.3732,422.7140,846.2656,442.2475
820.9280,425.8960,825.1840,402.4880,863.1119,409.3840,858.8560,432.7920
824.0000,404.0000,863.0000,404.0000,863.0000,429.0000,824.0000,429.0000
828.0000,403.0000,867.0000,403.0000,867.0000,429.0000,828.0000,429.0000
834.0000,402.0000,870.0000,402.0000,870.0000,431.0000,834.0000,431.0000
839.0000,400.0000,873.0000,400.0000,873.0000,431.0000,839.0000,431.0000
844.5539,434.5692,849.1077,398.1385,874.4616,401.3077,869.9078,437.7385
852.0000,399.0000,880.0000,399.0000,880.0000,435.0000,852.0000,435.0000
855.5495,435.8293,859.9522,398.4061,882.8123,401.0955,878.4096,438.5187
855.3902,437.4878,859.6829,398.8536,882.9512,401.4390,878.6585,440.0732
861.0598,435.5800,866.3599,398.4800,887.9199,401.5600,882.6199,438.6600
862.5346,435.6534,866.0792,400.2079,891.1287,402.7128,887.5842,438.1584
841.1000,407.3000,874.4001,396.2001,883.0001,422.0001,849.7000,433.1000
852.9484,394.8660,883.0681,393.4969,884.5815,426.7918,854.4619,428.1609
2
0
0
0
0
1
849.3793,469.4483,858.7932,447.4828,870.9828,452.7069,861.5690,474.6724
844.9235,474.4059,857.5646,454.5412,867.5294,460.8824,854.8882,480.7470
843.0000,462.0000,860.0000,462.0000,860.0000,481.0000,843.0000,481.0000
831.0000,479.0000,848.0000,462.0000,857.5000,471.5000,840.5000,488.5000
828.2823,485.2706,841.2118,464.9530,853.0530,472.4883,840.1235,492.8059
821.9703,486.7030,836.2278,469.2773,846.0842,477.3416,831.8268,494.7674
813.7941,485.3235,833.6470,473.4117,840.8823,485.4706,821.0294,497.3823
808.2283,489.0403,827.0873,475.8389,835.2617,487.5168,816.4027,500.7181
800.8754,487.9227,820.1801,476.0428,827.8712,488.5407,808.5665,500.4205
795.0000,481.0000,816.0000,481.0000,816.0000,498.0000,795.0000,498.0000
786.8876,487.8699,808.2130,479.0888,813.8462,492.7693,792.5208,501.5504
779.0000,481.0000,803.0000,481.0000,803.0000,496.0000,779.0000,496.0000
771.0000,481.0000,795.0000,481.0000,795.0000,497.0000,771.0000,497.0000
764.0000,481.0000,788.0000,481.0000,788.0000,498.0000,764.0000,498.0000
756.0000,480.0000,781.0000,480.0000,781.0000,496.0000,756.0000,496.0000
750.0000,479.0000,774.0000,479.0000,774.0000,495.0000,750.0000,495.0000
743.0000,476.0000,767.0000,476.0000,767.0000,493.0000,743.0000,493.0000
736.0000,474.0000,760.0000,474.0000,760.0000,491.0000,736.0000,491.0000
728.0000,471.0000,752.0000,471.0000,752.0000,487.0000,728.0000,487.0000
724.0000,469.0000,747.0000,469.0000,747.0000,486.0000,724.0000,486.0000
716.0000,465.0000,739.0000,465.0000,739.0000,481.0000,716.0000,481.0000
710.0000,462.0000,733.0000,462.0000,733.0000,479.0000,710.0000,479.0000
704.0000,458.0000,726.0000,458.0000,726.0000,476.0000,704.0000,476.0000
697.5883,457.3530,718.7648,452.0588,723.5883,471.3530,702.4117,476.6471
694.0000,453.0000,718.0000,453.0000,718.0000,470.0000,694.0000,470.0000
687.0000,448.0000,708.0000,448.0000,708.0000,466.0000,687.0000,466.0000
683.5693,448.5539,705.3539,445.8308,707.4616,462.6923,685.6769,465.4154
679.0000,444.0000,699.0000,444.0000,699.0000,461.0000,679.0000,461.0000
675.0000,445.0000,698.0000,445.0000,698.0000,458.0000,675.0000,458.0000
670.0000,438.0000,690.0000,438.0000,690.0000,452.0000,670.0000,452.0000
662.9230,442.3845,680.6923,430.5384,688.5385,442.3076,670.7692,454.1537
660.0000,431.0000,678.0000,431.0000,678.0000,447.0000,660.0000,447.0000
654.3168,443.8317,656.1089,425.9109,676.9010,427.9901,675.1089,445.9109
653.0000,424.0000,671.0000,424.0000,671.0000,441.0000,653.0000,441.0000
650.0000,421.0000,669.0000,421.0000,669.0000,439.0000,650.0000,439.0000
646.8529,419.0882,663.6764,417.7941,665.2235,437.9058,648.4000,439.2000
643.6800,428.7600,646.1280,415.2960,664.9600,418.7200,662.5120,432.1840
640.8378,425.9730,643.0811,412.5135,661.8919,415.6487,659.6486,429.1081
638.9235,424.9941,640.0176,410.7706,657.4529,412.1118,656.3588,426.3353
636.6337,421.6634,638.0297,407.7030,656.7426,409.5742,655.3466,423.5346
634.6436,418.5643,636.0297,404.7029,653.5544,406.4554,652.1683,420.3168
631.0463,413.6994,633.0693,400.5491,651.8555,403.4393,649.8324,416.5896
631.0541,410.6757,633.2162,397.7027,650.8919,400.6487,648.7298,413.6216
631.9181,407.9017,633.1066,394.8279,649.6066,396.3279,648.4181,409.4017
632.0000,394.0000,649.0000,394.0000,649.0000,407.0000,632.0000,407.0000
632.0000,391.0000,648.0000,391.0000,648.0000,403.0000,632.0000,403.0000
631.9235,401.9940,633.0118,387.8470,649.8353,389.1411,648.7470,403.2882
633.0070,397.9173,634.0208,385.7517,649.9104,387.0759,648.8966,399.2414
634.0001,397.0000,635.0208,384.7517,650.4138,386.0345,649.3932,398.2828
